61 51
171 526 611 213 636 791 807 976 799 265 938 282 165 783 254 536 800 71 431 418 464 183 86 194 611 805 865 695 149 435 34 627 878 379 34 146 337 90 677 75 713 850 811 241 898 328 154 914 952 283 391 
588 129 25 730 564 531 367 142 951 753 790 660 50 939 357 655 30 89 271 782 744 181 166 841 752 83 414 511 91 316 380 832 561 720 833 357 459 874 963 933 802 403 627 73 260 84 171 272 553 209 658 
121 978 369 935 469 464 478 480 741 266 936 46 214 884 641 218 581 24 955 415 145 944 440 903 743 148 248 50 973 279 855 936 101 190 498 748 300 444 290 829 671 536 155 489 991 439 395 149 922 262 449 
350 572 356 504 439 210 981 325 552 884 696 667 605 796 925 789 293 769 177 954 712 410 115 153 422 303 107 75 474 198 310 758 533 349 885 147 297 309 878 678 923 60 264 698 840 359 818 101 803 549 164 
260 698 586 448 156 336 143 580 163 792 807 582 796 983 485 681 698 415 276 651 65 139 587 277 652 226 892 415 8 94 540 862 392 625 870 615 34 954 340 268 797 498 771 354 876 829 307 668 284 960 976 
592 621 838 264 591 583 896 904 790 821 564 515 627 969 366 682 436 724 120 639 464 413 274 822 52 201 635 116 775 495 616 291 831 78 610 319 70 552 50 715 236 951 456 949 7 747 631 651 300 391 241 
862 687 671 396 988 913 992 111 646 398 74 759 12 251 851 828 113 281 455 633 865 664 105 956 555 212 879 716 579 518 563 275 38 699 109 750 849 497 668 867 178 826 877 678 101 99 65 601 478 812 386 
726 499 422 998 610 198 125 736 224 7 796 949 562 424 425 91 143 490 730 125 106 244 713 481 75 779 758 565 132 846 896 138 121 128 40 311 488 484 786 102 919 709 522 488 552 530 45 86 95 942 414 
985 727 687 212 859 816 900 162 502 29 671 962 697 1 963 875 952 300 985 159 463 377 453 851 560 66 990 147 530 66 136 974 965 730 886 542 107 506 646 494 862 959 581 312 368 358 539 160 752 470 369 
755 390 82 584 157 128 43 943 577 513 671 160 673 647 970 301 48 910 622 652 843 727 953 87 859 747 493 224 347 127 418 19 559 861 356 726 133 164 912 350 61 449 575 586 970 339 523 69 467 885 546 
634 88 699 785 250 245 918 269 280 600 558 224 432 162 759 166 720 561 259 126 652 868 975 527 34 892 724 502 750 855 90 452 113 563 778 877 683 481 462 242 813 896 215 737 969 712 353 763 220 936 985 
84 740 281 834 302 773 527 947 844 339 774 139 971 272 719 628 296 810 49 245 16 169 792 997 815 757 929 604 65 206 426 806 176 930 511 427 42 983 535 898 598 220 38 324 171 973 62 96 647 849 740 
941 550 239 243 912 28 151 708 871 244 709 400 271 476 366 640 878 984 739 479 873 370 937 360 462 481 93 610 38 786 99 82 0 815 412 994 174 833 871 203 839 761 409 822 23 992 149 561 523 25 818 
530 870 910 807 888 418 531 901 171 873 675 879 17 257 790 86 163 324 597 788 923 919 551 813 382 570 436 13 965 470 955 925 610 225 709 622 210 604 774 280 185 9 951 731 75 91 429 203 99 971 790 
59 32 879 340 775 760 398 966 42 605 224 812 219 227 318 905 54 755 706 18 29 588 602 286 60 397 820 233 193 179 818 382 473 529 532 580 521 998 484 988 422 271 566 561 420 179 571 885 427 547 156 
356 852 412 716 269 798 700 226 360 901 471 136 869 185 305 977 989 784 893 823 477 984 360 491 124 125 988 610 343 584 863 644 334 346 686 272 810 735 994 926 85 884 600 46 402 986 61 684 24 338 197 
442 377 211 625 573 41 69 481 889 942 4 297 515 549 713 361 809 519 127 207 23 713 156 42 494 120 987 688 54 995 779 130 666 235 9 374 802 847 566 298 825 73 155 29 461 537 300 699 791 447 289 
114 416 286 476 782 716 174 288 771 776 874 213 42 719 569 578 577 803 92 816 998 557 920 471 608 983 425 290 998 935 559 507 254 759 22 448 984 577 441 393 725 196 495 366 163 294 101 604 720 784 675 
79 275 982 365 776 819 480 314 941 151 571 451 380 712 535 231 499 106 315 41 112 446 462 76 116 887 684 391 763 640 206 182 724 302 329 702 578 967 238 673 207 726 916 970 480 290 691 906 704 957 671 
587 330 226 333 916 692 187 888 409 452 682 71 61 641 838 968 323 533 57 841 342 484 462 959 312 508 260 725 105 873 49 900 112 284 542 297 375 2 56 721 444 442 380 266 819 818 747 630 108 608 657 
957 76 511 801 202 624 45 37 651 834 379 626 66 355 252 311 692 832 756 982 702 940 330 801 696 376 640 450 825 551 730 246 614 656 363 831 568 282 280 681 143 528 577 961 420 277 456 378 123 642 593 
143 58 766 338 456 158 335 139 236 65 300 443 30 680 433 245 557 799 342 822 12 389 819 564 770 469 783 768 760 986 340 625 416 22 346 640 89 655 438 515 330 328 465 211 349 154 394 231 40 781 406 
991 112 493 747 527 313 937 463 759 838 496 760 694 562 232 797 445 585 186 944 898 447 499 446 716 738 539 481 599 450 806 181 84 592 227 706 637 165 395 401 559 623 745 611 8 117 264 331 876 97 576 
899 713 31 618 162 450 738 587 494 151 94 832 883 90 973 970 555 598 632 998 158 517 688 651 638 899 451 67 489 595 510 906 939 937 878 166 997 741 75 253 661 470 646 519 412 605 383 633 433 987 163 
741 151 206 500 407 651 884 812 644 156 649 201 664 580 880 999 981 263 834 763 37 670 719 451 580 232 296 424 730 582 729 832 979 497 83 873 66 239 967 869 322 888 797 714 486 344 64 718 612 39 995 
646 604 204 53 467 606 859 656 20 703 641 697 732 389 43 334 646 820 889 213 21 338 432 600 927 961 338 441 913 365 92 821 707 238 417 745 157 856 454 637 613 702 419 302 784 451 548 36 951 951 845 
373 397 736 741 435 46 441 868 40 65 161 456 722 419 434 391 138 887 856 533 392 436 283 545 855 228 980 690 914 839 290 335 405 702 163 903 858 376 436 579 578 82 395 510 298 808 435 925 383 950 10 
904 449 970 297 225 229 716 894 528 541 170 243 960 59 478 557 125 627 906 883 661 471 257 888 421 785 559 215 45 762 640 756 636 406 45 987 292 656 586 784 799 500 908 241 964 104 848 401 785 652 267 
729 839 856 607 777 700 940 550 948 468 410 564 90 771 628 301 71 546 636 401 720 782 263 496 786 986 96 597 838 78 938 592 694 969 149 914 370 76 637 405 654 766 361 705 916 80 406 47 149 990 459 
880 66 130 775 710 224 964 559 852 318 848 656 566 570 575 865 995 785 944 973 542 497 178 450 5 706 507 333 570 800 717 507 594 814 103 890 737 729 195 414 354 584 176 92 753 850 438 396 436 618 625 
919 706 383 838 458 592 883 403 983 680 786 90 825 240 732 623 223 503 900 346 917 186 80 190 504 929 840 622 940 999 264 825 743 475 721 456 936 988 547 75 417 803 898 23 876 229 859 533 802 628 506 
122 524 569 185 72 832 709 337 158 161 777 980 764 891 6 684 435 899 608 331 177 368 343 883 413 471 215 423 982 251 538 153 976 807 276 731 252 450 284 928 332 119 436 701 615 716 398 877 691 364 2 
723 609 747 95 65 947 123 181 660 472 301 81 761 230 298 416 322 825 770 339 795 194 148 650 645 515 146 692 64 372 562 493 258 369 703 114 746 130 847 31 981 366 820 617 405 292 456 778 504 892 596 
594 842 175 43 830 401 641 856 978 98 874 44 112 413 304 215 105 422 975 347 835 775 814 156 552 717 253 242 726 32 545 200 12 635 12 302 243 79 330 811 942 523 85 111 700 236 995 327 294 935 655 
652 777 29 338 787 391 457 307 915 466 59 458 375 467 520 978 472 937 159 638 721 793 9 121 688 32 316 841 181 618 976 759 189 948 925 136 520 955 878 283 52 717 110 119 354 650 519 606 530 951 371 
472 458 746 633 906 817 936 384 576 546 65 469 999 101 129 347 514 69 378 685 3 714 55 329 672 573 9 430 563 539 274 754 517 137 442 86 340 747 165 997 821 731 669 298 975 999 820 583 52 254 15 
738 663 955 672 676 939 893 179 524 35 188 909 3 867 310 347 409 948 843 196 738 253 233 486 751 94 172 940 480 902 913 678 159 584 946 122 972 36 844 650 585 974 176 32 470 525 839 203 505 915 748 
37 536 52 210 923 273 354 577 393 590 346 190 529 277 672 762 511 61 801 759 408 607 479 34 394 614 424 502 14 648 696 114 938 841 103 746 334 282 138 308 594 573 841 241 827 724 842 337 838 54 709 
295 937 253 791 334 664 604 224 839 521 947 782 419 192 55 634 340 417 841 454 737 746 354 400 380 303 72 517 926 459 818 569 924 833 876 742 964 957 533 376 90 102 63 676 611 172 603 594 392 696 130 
35 195 466 414 641 984 145 135 63 67 812 134 81 441 504 874 19 780 211 570 204 756 84 879 619 584 733 408 416 66 956 878 786 276 485 367 929 291 455 972 520 219 479 814 846 419 359 358 31 189 302 
333 175 130 846 690 507 824 466 197 722 159 954 918 582 853 541 843 955 909 186 350 222 434 569 805 399 786 405 533 91 905 560 400 598 8 687 318 283 172 656 770 593 800 796 527 185 194 600 141 554 778 
210 710 957 706 901 50 172 98 895 209 634 589 732 141 649 220 658 858 845 170 572 772 138 784 45 641 258 680 933 281 261 983 161 363 193 530 352 199 936 202 535 311 254 201 197 782 414 365 14 158 110 
399 898 508 252 7 868 869 269 33 95 543 680 309 75 349 443 503 325 495 25 702 556 20 683 54 222 421 712 314 953 225 266 49 232 30 546 744 317 973 219 617 450 880 566 104 930 38 54 815 617 245 
265 172 270 248 730 951 122 881 344 112 89 470 974 244 956 324 878 132 118 31 106 248 689 998 418 908 525 968 15 949 278 701 361 666 801 582 488 606 470 119 312 822 836 72 145 713 82 238 707 867 129 
733 379 562 904 717 391 945 651 875 119 867 894 678 306 182 118 981 742 29 495 777 655 448 938 398 244 890 769 194 974 461 536 143 508 851 683 558 470 932 517 303 452 697 399 118 652 257 268 552 833 615 
643 780 917 834 841 482 440 130 727 447 388 412 380 532 442 530 432 816 522 442 225 653 842 299 608 464 286 591 571 925 212 691 239 126 438 177 543 477 476 322 747 758 441 195 667 724 842 895 480 440 86 
327 827 962 668 35 984 858 866 513 907 204 44 733 133 999 474 197 417 62 214 422 598 598 4 849 820 996 12 812 468 95 760 908 827 923 734 176 466 330 790 382 489 661 86 810 37 740 82 705 873 132 
809 275 915 838 572 596 891 722 232 59 753 789 509 109 729 286 185 529 702 212 684 54 513 188 366 431 824 928 269 738 833 931 941 909 798 627 426 689 968 436 876 774 476 705 919 198 732 142 528 645 512 
186 430 859 808 294 344 535 703 952 938 709 435 71 774 403 151 896 999 631 619 241 353 442 397 212 554 363 960 581 811 379 125 187 707 262 473 353 79 483 960 370 164 411 127 373 68 808 99 489 405 571 
435 655 913 534 527 150 617 984 401 43 391 399 573 795 482 960 53 377 59 101 328 137 16 807 906 138 688 624 665 402 913 101 828 108 493 866 976 748 784 704 73 425 914 352 900 366 414 711 329 249 638 
831 612 73 91 562 844 454 359 684 732 593 791 604 90 607 455 928 894 424 806 918 131 714 587 542 509 126 614 89 862 646 103 380 378 984 391 20 810 617 122 979 235 435 829 57 104 860 408 297 119 791 
72 618 546 9 525 546 508 110 615 873 657 441 711 389 751 530 912 703 194 228 385 328 291 985 348 54 549 326 43 657 508 462 252 980 626 325 506 560 832 684 80 317 346 318 700 550 116 972 142 821 905 
126 817 656 87 928 598 338 924 402 672 28 92 489 686 486 753 850 760 664 950 88 693 689 984 272 516 387 261 51 597 231 3 480 871 640 495 496 653 74 458 133 455 859 332 145 143 217 509 176 166 683 
335 652 100 222 294 794 486 184 36 80 236 80 314 178 657 649 516 834 892 833 210 667 520 679 993 439 480 415 234 261 478 7 654 880 771 673 488 819 427 840 534 822 782 766 349 759 438 191 828 229 305 
774 236 646 646 148 153 752 447 454 352 271 303 325 801 799 914 899 897 187 523 323 905 9 236 631 605 557 799 29 368 827 737 817 992 133 223 986 725 765 999 597 597 87 546 952 912 544 97 423 312 620 
845 711 557 929 882 527 379 147 915 153 506 506 580 93 129 583 199 932 110 469 551 631 628 389 682 526 178 799 417 237 275 536 433 8 513 753 0 587 136 516 723 787 364 556 227 558 543 615 554 770 56 
899 453 19 375 253 517 730 998 590 476 250 142 80 736 733 106 349 755 378 125 480 17 425 32 170 416 172 896 638 704 486 551 613 833 572 568 87 615 264 524 799 398 418 999 305 206 321 330 560 891 336 
82 301 182 150 537 738 312 644 357 436 658 357 31 482 921 93 451 501 111 477 207 169 245 840 484 213 806 214 797 63 721 844 597 733 537 524 610 724 625 609 357 648 986 778 326 725 438 940 32 271 650 
805 892 833 372 303 97 873 105 895 388 705 42 552 802 862 817 607 200 127 773 525 76 642 233 849 678 720 753 185 762 567 476 849 201 157 548 101 421 767 484 353 486 867 769 275 733 652 685 55 649 940 
587 162 503 243 544 94 928 323 823 294 175 87 15 673 242 526 719 83 546 283 150 64 598 206 683 753 484 952 203 807 352 407 997 104 700 251 228 327 306 217 708 260 422 956 682 740 947 730 655 446 930 
774 551 449 898 216 437 419 575 692 69 999 759 824 151 852 993 136 351 589 582 726 853 646 234 780 939 730 378 937 379 924 870 597 653 635 529 522 49 991 830 21 447 269 228 932 16 711 273 278 210 496 
61 51
551 311 387 494 37 525 250 434 495 863 6 212 586 212 261 765 733 325 973 326 46 838 620 55 907 620 664 546 616 796 839 691 247 459 316 9 735 184 195 380 100 512 993 296 837 442 920 432 592 874 595 
452 299 822 288 550 856 13 615 315 40 167 601 861 320 257 800 213 276 109 811 541 755 436 609 481 269 295 600 492 962 43 548 968 806 397 569 732 917 77 696 306 178 965 390 774 726 969 502 90 892 955 
954 110 927 760 992 434 279 892 603 813 894 201 120 373 307 438 160 874 446 638 874 777 0 117 712 118 194 893 733 659 705 48 989 187 432 23 115 939 468 312 121 289 105 478 745 136 193 501 594 944 503 
891 788 243 222 78 719 539 834 708 587 103 135 86 937 720 123 365 613 180 260 860 891 29 273 147 585 38 290 751 672 221 751 108 823 927 817 645 821 41 252 81 458 758 251 916 220 652 986 521 160 136 
7 42 6 35 453 746 940 340 916 21 787 392 148 458 649 480 107 175 545 391 112 808 250 215 426 324 731 119 894 600 9 162 837 881 209 870 158 49 201 235 952 332 104 403 49 579 666 612 129 760 152 
628 578 733 155 492 825 284 425 848 940 308 9 814 452 303 679 991 285 195 372 208 788 306 953 840 655 875 658 72 112 518 887 546 129 732 584 949 782 199 407 304 599 689 903 214 237 661 61 44 700 285 
733 379 589 226 82 680 212 753 955 252 245 359 39 513 608 241 973 660 372 370 143 448 161 735 977 74 958 107 891 257 154 966 744 893 574 412 653 305 284 662 833 343 647 139 872 940 836 401 470 917 617 
353 678 324 508 556 785 296 549 20 80 695 481 503 130 309 978 616 919 947 137 386 573 220 395 695 798 802 384 293 76 105 328 638 473 411 960 562 213 418 793 612 618 335 98 526 730 64 508 28 639 566 
430 84 869 851 51 635 710 106 864 873 968 619 895 3 965 852 350 728 583 663 176 189 191 937 557 433 119 707 446 864 617 520 825 994 542 798 562 138 520 308 685 428 745 236 613 582 247 849 194 830 150 
666 771 427 637 185 157 439 91 682 308 543 779 417 421 845 424 24 685 66 271 122 367 719 544 858 576 663 140 615 791 290 298 153 385 359 184 87 164 185 742 258 168 740 547 959 989 481 967 598 69 311 
41 253 234 121 703 982 110 710 725 429 583 554 526 23 936 368 639 67 626 532 743 899 500 526 552 735 989 338 456 978 184 222 920 438 788 743 554 195 603 545 665 55 241 484 67 189 826 590 936 403 772 
993 985 911 89 119 648 907 892 599 636 472 23 602 166 775 405 975 366 370 988 347 479 452 153 984 726 236 491 655 736 889 790 922 966 900 877 977 507 713 161 364 366 711 65 366 231 637 657 218 832 883 
522 34 451 750 636 64 442 431 388 498 625 810 539 407 912 787 418 341 401 564 322 557 848 918 932 529 339 295 548 808 211 255 88 217 244 793 642 197 471 507 369 595 937 814 351 294 900 589 963 9 548 
521 61 202 949 256 8 230 859 877 66 261 677 243 781 913 727 810 859 553 994 377 584 903 99 354 368 72 129 744 681 526 974 49 228 490 965 525 433 527 628 876 641 768 977 223 16 583 551 695 464 483 
539 294 419 755 720 896 665 236 810 860 435 938 466 442 690 749 288 91 604 269 498 290 473 813 666 771 469 258 437 846 536 691 479 896 514 405 295 408 818 244 256 30 623 850 376 215 649 737 817 357 390 
527 660 993 42 245 749 665 724 485 47 454 391 331 361 694 429 603 528 979 162 687 916 931 284 418 745 576 621 810 325 338 897 242 920 3 620 524 631 63 890 605 964 387 984 809 819 872 360 609 902 390 
685 841 9 720 695 827 989 525 827 822 944 911 162 286 450 603 578 8 779 973 28 883 888 875 503 474 566 836 905 341 845 446 291 746 364 270 696 515 60 190 898 166 307 398 529 646 481 144 445 246 736 
993 151 847 688 654 765 702 400 652 248 148 475 493 457 203 807 166 646 245 191 655 86 282 755 721 375 866 368 539 649 883 835 829 835 837 536 709 297 820 370 952 468 644 450 741 378 285 155 345 657 29 
417 948 974 842 372 493 974 547 819 769 262 398 206 506 244 665 750 12 918 608 136 164 30 679 750 174 498 181 796 555 846 3 255 504 0 571 947 681 527 289 533 267 802 333 999 188 608 86 477 784 922 
9 614 992 999 871 895 382 2 192 254 390 413 356 785 775 251 203 261 779 215 448 323 192 641 827 312 896 458 125 818 786 865 158 997 6 587 797 679 304 332 14 870 923 12 252 767 197 566 327 974 28 
574 831 474 606 769 822 759 534 266 274 116 233 136 709 73 56 336 321 900 219 368 662 0 693 357 752 599 79 991 890 136 653 26 479 330 832 452 893 904 935 784 23 423 996 214 996 513 423 961 440 34 
535 441 844 113 792 740 744 455 267 373 612 781 297 697 743 931 632 111 784 389 482 579 397 798 320 8 691 323 867 706 289 390 355 659 987 449 988 641 495 216 635 144 748 471 834 696 392 40 942 291 1 
625 563 834 758 6 394 537 87 820 857 348 145 768 345 228 836 875 127 340 817 90 472 147 353 32 21 31 950 427 263 179 990 266 636 805 888 850 501 292 915 733 308 760 280 461 517 62 182 804 885 771 
678 182 342 24 504 533 699 63 979 886 634 402 612 954 594 728 354 383 280 359 852 703 178 488 614 231 741 455 790 165 373 470 879 680 468 720 785 369 506 540 762 344 713 583 102 955 708 664 416 614 142 
980 676 692 291 195 273 287 351 378 889 149 797 978 602 171 294 411 259 687 105 982 553 881 390 247 962 53 185 740 545 102 397 677 950 352 380 609 637 287 108 128 803 512 232 974 228 915 296 606 451 228 
307 317 442 830 417 467 904 780 306 80 759 647 637 760 344 607 692 883 76 54 856 576 192 298 530 759 283 969 688 550 736 527 428 543 739 642 153 59 27 605 93 482 325 744 784 112 38 979 123 598 32 
218 833 720 983 362 672 131 314 538 62 426 951 896 480 42 696 410 171 184 336 999 825 183 509 973 419 832 305 288 643 616 346 244 343 106 647 714 300 170 277 961 587 590 113 515 686 449 118 870 529 774 
507 416 18 788 490 338 775 747 265 426 168 451 688 753 208 727 455 903 122 945 691 51 295 846 23 183 847 11 927 502 36 318 290 757 302 408 699 667 918 801 617 103 151 720 957 585 308 502 328 724 948 
387 710 715 773 244 620 207 500 76 400 521 300 910 879 370 77 31 330 547 92 888 619 819 360 241 382 216 453 859 602 493 261 917 77 179 371 702 619 396 220 246 472 146 536 72 682 419 257 961 58 483 
407 163 96 98 61 435 967 134 66 170 750 850 641 205 250 401 337 969 79 247 660 691 826 801 264 112 345 593 5 932 689 315 45 946 918 968 934 753 994 143 291 458 202 991 490 103 646 434 42 463 688 
38 773 655 513 130 584 139 244 190 685 177 867 685 201 677 305 942 746 983 39 307 294 672 887 7 994 48 337 478 851 114 158 633 649 883 506 960 812 821 37 989 287 401 183 943 791 828 855 640 375 948 
334 367 298 328 343 606 103 778 259 790 367 234 854 804 12 764 536 30 664 954 731 229 27 750 970 663 875 123 292 91 790 155 630 484 253 528 477 315 29 13 165 487 670 356 482 729 620 175 742 914 537 
601 331 422 168 492 783 343 41 263 883 142 774 510 632 234 238 255 434 75 604 586 336 748 317 255 355 737 348 126 914 557 236 633 53 813 938 558 100 701 61 722 781 975 403 951 565 330 654 352 169 872 
538 892 136 648 168 40 838 728 384 726 647 340 174 367 334 688 767 942 120 495 893 389 221 963 360 815 558 450 949 826 493 309 282 392 264 32 140 125 601 514 842 582 817 37 987 408 659 304 291 702 652 
320 717 349 640 119 279 70 595 344 718 72 823 402 968 968 981 273 421 199 951 818 277 849 453 796 318 424 944 697 313 694 339 485 395 360 262 714 267 147 385 347 896 795 679 617 581 81 871 335 432 649 
792 751 538 541 484 39 783 428 924 280 559 728 645 828 299 628 485 585 138 585 396 606 764 915 413 453 126 416 90 504 369 769 886 808 643 615 697 77 512 546 520 328 777 594 323 767 390 828 888 70 761 
193 79 249 195 215 282 403 471 782 910 253 634 493 228 683 590 796 402 29 938 572 601 804 313 937 624 898 845 853 871 203 778 112 126 748 325 16 392 931 490 894 327 703 809 279 955 930 426 808 778 842 
48 122 44 945 15 849 356 669 178 16 20 255 809 674 890 988 110 335 621 983 790 337 441 98 545 147 438 31 312 701 152 296 713 248 452 232 774 616 855 370 906 373 244 231 325 540 59 20 320 215 830 
929 895 320 459 888 353 443 312 445 512 886 788 758 694 535 363 948 699 993 670 696 467 484 940 919 400 143 221 896 228 567 944 428 918 528 503 165 181 262 765 550 319 488 234 151 982 514 709 845 341 535 
984 828 809 300 516 276 760 77 280 378 27 832 689 557 104 432 459 938 571 63 716 445 267 220 733 161 248 554 249 233 183 59 560 7 374 238 392 171 126 2 434 961 822 484 134 136 243 850 703 444 339 
187 326 282 503 726 794 490 96 556 196 72 350 344 750 918 144 911 120 960 938 722 786 731 635 209 462 91 265 747 314 603 410 229 905 23 551 451 145 757 674 762 361 102 671 135 822 339 515 742 17 324 
416 43 810 268 982 821 863 862 137 131 909 897 956 80 877 658 641 483 6 62 541 645 355 628 757 200 40 256 673 974 585 803 704 626 781 466 397 882 784 848 698 623 18 850 600 244 880 396 832 206 959 
653 913 100 56 620 75 457 73 406 60 138 776 262 610 604 564 523 578 84 435 623 800 5 756 359 830 23 569 50 140 850 938 597 87 704 353 331 685 151 774 555 390 228 836 133 406 454 697 828 228 970 
808 762 582 981 740 346 540 502 539 846 268 179 531 501 927 815 500 345 467 138 824 269 142 206 652 15 330 759 666 714 694 60 414 335 15 127 289 761 629 441 527 913 258 193 237 822 825 18 797 1 992 
440 269 589 712 874 606 571 957 209 733 831 201 42 631 925 314 289 954 134 596 462 601 634 355 261 103 872 663 400 112 220 559 992 730 2 836 117 431 418 964 717 510 448 856 535 649 684 359 240 121 310 
628 421 322 829 474 579 184 442 540 583 155 195 319 609 792 795 651 686 763 337 316 861 26 30 882 225 372 882 243 56 336 124 450 278 392 192 821 810 848 266 606 448 904 330 187 526 248 184 93 182 460 
696 141 412 573 131 934 340 599 115 727 886 955 574 656 779 260 915 624 549 951 589 860 311 968 558 706 21 965 820 763 889 418 858 907 675 530 535 320 432 806 392 263 969 24 180 832 673 970 142 544 488 
212 397 732 237 413 819 692 203 552 947 644 509 833 216 895 476 915 742 306 444 555 731 321 822 802 570 3 161 488 691 761 473 411 61 813 461 87 826 609 687 974 378 219 342 819 145 928 591 941 850 947 
719 248 983 862 624 957 579 588 440 301 826 782 969 741 939 298 766 379 524 284 491 217 511 211 906 562 328 963 159 566 110 343 723 19 739 399 989 197 776 935 635 278 177 864 257 482 210 718 921 883 898 
654 197 272 656 516 363 340 514 412 957 852 558 382 941 830 364 740 467 555 0 621 658 998 666 2 783 82 350 246 72 270 61 523 690 829 870 101 106 534 723 302 933 272 664 174 621 636 78 41 394 506 
320 159 935 581 85 684 574 591 180 883 71 679 145 760 658 512 22 309 416 345 746 942 230 806 553 503 365 800 385 290 380 910 275 607 101 331 906 217 353 821 695 746 696 762 995 140 608 759 335 652 803 
628 778 253 205 136 800 826 985 467 891 151 507 486 742 539 323 599 562 493 826 323 503 845 174 767 736 823 428 401 730 489 297 968 537 902 348 285 519 889 262 707 76 825 551 513 275 953 518 591 415 577 
920 591 438 368 410 832 353 252 642 486 527 987 250 253 662 447 109 31 919 628 557 470 483 748 737 475 811 644 15 840 932 842 667 769 717 96 473 740 675 702 502 365 969 710 237 145 270 840 251 182 145 
144 898 413 586 420 28 169 861 99 963 559 686 61 752 303 215 369 13 32 570 734 277 66 554 694 322 801 749 175 788 195 384 35 895 752 260 923 852 507 670 184 530 172 583 26 28 648 965 401 170 920 
775 888 277 208 788 214 605 474 784 702 339 504 950 451 405 52 929 252 42 623 583 576 616 251 489 749 807 585 630 136 160 788 119 247 105 764 177 143 652 404 643 583 478 113 268 92 58 796 752 539 789 
37 530 337 218 40 865 923 392 141 115 728 612 437 782 745 875 320 563 341 179 797 752 107 226 177 328 562 323 209 428 685 486 703 656 527 627 456 578 469 821 394 495 498 503 561 972 206 85 928 56 95 
193 60 734 70 288 882 771 972 668 189 456 739 831 573 384 897 205 36 440 124 505 611 131 359 83 324 781 876 179 309 668 801 176 973 191 403 284 169 870 674 367 467 817 679 410 213 784 702 49 181 645 
549 341 719 453 591 865 987 479 598 144 361 100 278 965 621 688 54 96 818 846 731 814 815 79 907 46 983 566 179 183 368 199 578 448 162 929 333 575 355 365 704 416 350 846 153 569 81 137 199 253 272 
695 405 326 701 333 346 977 335 390 24 896 118 165 853 169 993 381 422 583 674 132 726 908 589 34 72 544 694 333 7 123 479 191 312 80 604 704 587 886 172 313 380 266 941 132 135 385 796 216 758 387 
478 225 396 249 550 412 976 306 110 574 807 514 620 248 329 110 600 404 344 860 822 373 784 577 13 126 162 179 928 952 635 623 394 667 864 674 718 439 875 556 289 925 112 472 927 91 468 365 608 489 322 
307 150 884 514 205 479 434 10 469 465 121 524 848 904 677 597 924 357 91 419 668 198 883 896 776 336 723 799 603 836 103 205 275 51 367 398 198 274 51 967 663 46 970 373 286 321 414 976 400 681 497 
51 41
139 61 90 461 296 305 891 24 472 486 466 638 919 592 314 852 247 11 649 683 150 137 377 961 627 491 667 469 506 365 559 58 842 605 144 189 925 863 327 678 330 
390 436 962 250 443 848 530 73 428 154 508 322 678 536 426 895 932 298 915 359 849 748 257 631 937 763 177 49 939 590 467 49 483 219 551 3 638 497 188 500 196 
509 98 897 55 207 565 460 140 811 331 314 730 244 413 11 147 71 969 519 791 643 610 510 121 199 836 742 665 256 42 585 929 940 441 391 6 388 641 547 394 449 
595 102 154 354 421 474 279 286 974 706 638 776 133 110 571 789 392 622 106 491 584 398 161 195 409 829 449 486 844 887 314 678 131 814 348 324 60 460 608 104 622 
639 261 518 99 808 139 812 851 535 494 140 331 221 165 675 898 718 724 682 801 611 920 4 44 481 243 946 536 521 87 151 679 684 23 605 550 565 201 517 349 671 
73 333 641 776 428 464 635 378 865 888 807 164 766 375 423 213 575 225 870 981 183 304 275 711 542 405 141 756 816 633 577 530 791 127 146 876 649 987 964 673 775 
892 616 189 591 618 376 130 162 15 91 363 743 22 138 961 152 346 478 848 17 702 233 865 999 207 561 697 712 64 315 357 822 486 278 883 200 248 898 324 250 836 
355 221 332 923 759 322 24 321 499 73 227 433 648 766 951 888 658 963 468 709 553 83 792 774 101 230 886 794 733 90 360 854 150 974 163 243 471 235 603 733 841 
999 937 472 522 137 342 253 91 897 564 323 89 526 502 595 590 126 395 314 234 687 373 653 704 946 594 520 663 235 255 131 176 826 798 180 51 648 417 290 98 800 
544 718 743 485 498 308 90 16 891 286 660 902 866 319 440 989 733 470 432 739 549 299 148 502 438 659 145 299 223 483 479 230 845 470 851 799 75 471 248 834 22 
261 627 804 881 158 32 212 501 63 311 531 465 893 775 735 475 877 795 470 308 398 368 285 984 924 442 212 541 331 130 445 993 296 672 874 263 589 987 392 51 969 
973 762 794 133 993 326 800 616 710 347 435 762 194 28 456 123 225 737 513 260 330 189 246 302 467 687 805 600 89 852 736 876 428 515 320 446 685 302 446 19 295 
408 800 646 426 179 882 908 593 371 143 253 465 3 378 109 268 374 496 776 91 586 486 217 39 828 949 725 18 10 759 716 601 251 53 284 716 334 885 920 966 479 
917 693 907 51 587 956 664 554 21 688 656 135 696 597 71 885 214 809 849 144 604 139 773 39 903 253 366 605 869 589 636 869 414 731 707 70 486 782 797 166 708 
539 296 983 679 39 970 128 322 676 103 998 348 852 874 128 128 88 157 390 308 291 402 84 527 869 422 359 956 421 165 486 176 635 262 129 721 793 702 536 901 907 
673 525 794 344 612 867 785 107 455 68 808 559 94 832 264 819 114 225 494 764 914 565 640 937 566 508 351 292 877 477 347 126 158 831 708 315 308 909 647 895 817 
907 87 515 863 201 437 876 115 431 136 15 102 428 111 705 82 927 171 296 705 817 2 766 392 867 895 897 715 307 386 683 32 726 629 210 968 753 54 121 115 217 
707 925 860 311 147 168 566 770 241 524 968 912 979 358 872 526 957 927 204 534 305 579 921 664 402 312 786 954 472 176 436 965 873 63 345 949 114 434 336 139 484 
94 342 49 733 350 418 405 570 606 511 326 392 327 332 11 699 778 69 224 67 337 972 901 986 263 554 124 265 535 687 277 55 556 140 662 847 692 391 110 870 93 
697 378 500 991 132 611 806 510 723 262 170 285 497 741 225 631 724 531 365 481 99 681 668 533 633 718 710 796 746 216 911 602 650 318 940 534 165 105 775 692 373 
836 843 672 225 726 228 283 755 0 157 743 270 543 611 122 316 159 730 367 513 832 834 338 662 457 12 177 923 482 851 744 33 533 194 101 724 521 673 761 50 766 
523 407 339 966 455 332 44 613 154 139 497 80 158 877 521 291 887 984 714 98 675 714 436 86 34 816 854 110 616 896 812 180 189 582 927 285 60 823 890 942 100 
993 333 663 131 246 181 830 643 110 853 148 368 215 302 495 724 3 33 411 592 766 111 807 730 127 30 906 352 583 838 699 31 42 569 578 639 946 269 505 590 839 
226 603 328 890 623 862 267 777 357 771 392 209 354 154 903 666 828 864 121 972 425 506 347 123 677 344 173 134 737 393 47 878 236 991 454 760 351 308 768 822 52 
157 278 210 712 302 451 871 12 661 351 780 333 320 310 601 203 129 924 102 919 844 983 847 741 14 844 525 493 623 381 162 409 536 641 852 976 327 894 771 999 310 
193 312 100 39 550 403 858 715 778 658 702 977 343 686 223 342 61 122 709 283 418 368 963 776 551 374 954 621 631 338 147 762 902 247 707 170 363 936 193 82 876 
977 698 263 260 917 504 655 928 295 32 55 794 951 191 982 916 242 756 728 126 18 450 950 837 200 250 437 277 188 251 844 749 81 854 597 768 520 459 548 468 464 
433 734 279 728 599 144 286 321 788 773 221 769 217 625 71 773 977 850 981 541 399 604 824 611 753 840 914 49 899 537 334 326 873 210 69 567 920 882 189 977 91 
293 805 342 722 968 264 863 173 752 984 917 297 839 503 736 729 214 8 195 263 395 650 254 943 547 704 464 734 630 950 282 87 61 158 885 82 216 227 143 539 349 
710 956 229 571 939 353 967 794 284 197 890 525 487 137 23 526 506 760 805 401 477 646 748 681 101 939 531 47 207 173 826 558 585 575 938 369 1 121 144 86 237 
622 430 334 936 712 496 627 399 384 536 907 151 269 476 310 990 799 715 956 594 636 148 900 665 489 709 162 149 630 96 534 65 570 309 863 302 680 47 714 632 733 
702 266 864 49 758 923 641 172 482 164 376 957 757 111 205 15 790 504 255 436 591 168 945 633 417 27 450 555 556 824 598 432 114 738 253 990 155 421 105 447 588 
853 810 904 157 546 914 729 857 164 445 955 200 971 837 193 901 68 283 724 653 65 947 562 437 740 491 304 204 22 547 778 866 973 760 997 858 936 644 136 569 214 
996 661 840 211 255 431 503 864 473 139 632 631 724 815 157 370 702 638 693 871 951 834 728 347 450 931 371 311 102 125 930 861 842 745 838 967 445 163 962 103 979 
849 86 625 456 940 48 732 631 33 858 315 584 816 918 594 553 668 722 57 959 768 817 241 862 642 17 692 282 341 71 799 319 573 335 686 448 280 190 946 370 741 
829 37 55 628 903 206 687 189 614 829 196 164 803 761 171 568 469 320 554 9 478 970 202 298 866 921 735 99 554 248 211 520 847 38 941 909 172 903 247 158 677 
698 204 392 361 114 775 304 650 946 634 871 364 876 794 374 558 347 112 872 238 676 663 236 450 840 838 902 216 746 15 633 555 88 8 467 551 247 540 360 466 689 
790 625 293 3 653 410 303 627 231 126 386 545 297 569 120 285 238 268 808 892 609 76 592 657 988 1 398 652 122 37 4 39 682 529 542 456 951 915 442 279 799 
815 823 294 69 29 234 521 387 534 862 332 378 470 131 65 973 442 802 697 879 569 130 586 921 417 462 985 542 652 341 768 630 924 734 596 840 947 295 777 953 908 
229 945 505 574 738 353 773 823 873 946 482 640 643 477 707 237 449 403 278 720 214 973 229 19 749 436 173 312 645 103 724 313 389 47 530 506 0 850 549 940 653 
307 475 239 748 840 185 542 889 353 932 603 151 489 114 546 529 963 62 164 11 121 848 473 702 728 768 822 556 603 71 242 208 61 113 515 799 784 664 32 406 304 
26 897 810 921 716 419 287 878 672 587 530 952 96 846 284 227 188 545 541 378 629 72 299 723 467 292 765 227 275 992 395 365 55 502 4 569 361 191 536 116 321 
285 65 522 181 462 603 435 2 652 968 696 110 980 128 480 682 546 14 561 940 508 450 20 60 458 625 747 692 298 925 702 916 356 763 470 90 653 121 474 16 671 
720 4 259 970 722 897 472 675 414 279 922 307 26 778 871 711 21 686 417 889 859 430 968 938 555 364 727 106 433 392 272 949 627 929 582 243 628 930 775 72 615 
894 829 243 257 931 2 389 876 850 66 691 762 141 720 124 806 87 694 383 893 425 217 595 374 493 199 82 6 555 261 835 454 291 149 8 560 643 710 31 519 533 
325 958 817 22 82 135 701 20 731 906 331 488 990 492 708 101 479 765 78 497 756 105 678 660 240 34 60 717 777 238 372 426 891 988 929 352 785 764 208 194 983 
187 289 204 652 253 470 540 562 566 761 211 968 165 319 78 299 194 872 390 96 467 30 184 92 436 438 937 228 900 178 784 926 254 412 498 978 999 207 979 503 356 
788 931 691 782 345 813 853 414 663 582 948 555 447 270 236 867 558 923 604 71 340 729 498 310 383 800 607 470 494 83 414 589 805 583 204 83 537 150 702 236 230 
427 146 879 891 188 732 100 612 100 522 495 451 321 915 71 464 314 803 773 825 412 749 73 996 245 248 984 975 20 294 44 37 188 363 509 238 590 850 179 900 986 
153 380 178 335 35 73 36 983 203 799 82 475 455 9 587 949 760 586 168 588 775 600 198 26 984 342 790 384 670 175 848 499 799 462 494 752 627 9 397 380 48 
879 602 370 646 432 581 940 511 518 769 198 464 757 703 165 579 62 408 664 501 359 941 102 657 4 710 115 132 338 725 240 765 60 844 837 267 743 742 287 38 733 
51 41
126 282 176 497 994 368 384 659 459 629 768 24 889 549 301 335 150 539 645 446 893 15 100 995 601 836 808 885 710 527 19 309 988 655 159 811 322 777 16 298 314 
161 640 810 879 280 887 382 601 765 955 338 613 87 7 707 44 667 154 432 847 510 223 184 33 906 593 46 70 880 81 822 110 288 920 894 359 780 528 80 164 215 
937 224 699 809 549 334 751 377 166 800 819 641 742 995 897 958 479 705 77 709 851 765 147 190 188 695 785 325 939 373 619 813 74 275 143 870 543 273 268 520 215 
422 789 816 906 901 598 950 912 325 659 881 999 472 488 365 7 620 296 588 19 531 433 671 389 74 607 519 743 52 933 297 839 338 498 628 429 545 970 733 446 487 
481 294 917 612 381 477 354 221 685 996 189 64 858 163 812 187 892 605 5 560 789 283 974 763 542 809 189 975 725 842 945 192 165 919 834 39 933 705 856 803 602 
180 495 230 901 128 751 59 41 7 712 517 594 100 722 28 452 10 712 483 96 810 575 687 681 207 300 784 372 725 694 378 241 12 84 373 971 325 761 967 653 84 
32 42 534 470 896 358 742 939 981 503 151 766 437 766 469 557 759 866 501 986 846 769 317 834 729 403 767 605 842 430 590 855 718 800 97 82 181 769 726 639 91 
918 966 69 585 299 548 192 395 260 827 670 53 735 29 395 409 704 39 698 733 849 592 779 685 988 31 310 731 417 325 713 576 908 979 288 260 183 179 997 527 291 
331 129 629 451 540 704 73 945 157 838 5 229 609 243 269 713 467 513 735 261 93 862 682 122 860 114 94 55 220 469 541 909 276 385 134 898 162 975 929 834 943 
648 604 852 721 801 818 772 635 514 866 636 736 821 817 93 719 230 916 754 473 431 209 332 37 55 803 431 689 854 991 241 452 26 877 527 477 528 58 884 667 182 
6 501 330 807 855 334 917 644 311 380 746 668 166 207 774 467 142 761 666 887 608 757 684 94 531 988 524 446 381 957 144 677 709 515 749 626 917 435 312 812 279 
53 824 373 167 989 745 721 155 266 608 901 53 999 486 255 818 932 676 317 395 466 614 534 719 207 76 945 803 864 0 625 305 564 405 162 470 618 961 624 393 350 
333 788 896 394 605 526 290 328 729 71 276 565 234 565 278 884 460 233 149 695 313 153 549 16 525 921 265 868 947 357 491 210 107 8 276 382 841 732 191 489 421 
375 942 942 134 526 32 372 258 340 282 422 61 7 551 720 174 18 964 419 148 458 904 442 999 618 985 608 80 714 271 991 281 37 941 382 962 964 736 695 1 263 
25 340 663 234 220 204 486 92 339 578 642 726 338 273 954 48 822 946 143 504 109 733 907 769 584 80 92 855 804 974 815 65 593 166 940 217 505 712 602 456 322 
812 670 849 255 854 862 933 986 824 634 49 9 794 591 629 887 43 170 193 186 495 587 776 214 855 452 176 481 598 773 891 472 572 132 672 834 96 132 45 891 128 
919 695 932 95 83 711 394 171 157 167 842 314 780 422 254 155 785 177 112 777 466 759 691 554 540 341 595 576 140 361 564 495 647 232 871 253 947 583 25 948 40 
64 22 180 227 996 754 778 107 87 827 393 435 252 719 826 43 712 392 328 471 686 703 234 164 680 552 739 178 498 509 574 333 953 347 59 460 871 121 273 509 628 
45 508 520 699 877 487 148 705 858 189 845 661 217 653 798 221 153 169 224 778 607 186 837 5 468 376 142 285 240 166 576 426 903 80 815 849 328 552 274 167 412 
9 24 34 787 223 564 968 309 673 600 518 675 965 195 235 588 998 284 732 734 631 587 358 421 331 43 888 295 963 247 233 707 255 763 785 688 116 648 502 419 122 
179 993 750 69 747 354 69 215 962 545 441 434 232 564 651 553 182 984 357 240 18 184 234 800 413 203 635 36 142 358 254 804 463 954 312 566 441 66 699 100 663 
232 915 364 864 960 798 461 745 614 813 584 227 646 202 850 249 156 40 255 292 916 512 906 544 276 42 763 164 70 784 407 511 922 495 762 855 126 175 611 691 941 
613 298 541 294 684 498 749 950 390 645 717 441 598 761 355 90 914 78 934 298 23 651 127 221 250 304 760 439 300 886 629 623 819 835 291 454 945 718 946 51 286 
565 808 967 197 964 800 631 839 705 225 153 515 407 700 667 364 646 689 87 663 259 556 968 447 156 517 16 712 148 692 232 391 912 576 167 87 47 226 384 658 772 
3 713 0 805 959 169 899 242 530 420 709 415 892 813 61 640 503 152 843 894 820 345 471 410 173 964 83 763 621 598 971 483 626 429 701 198 946 582 491 979 920 
216 973 431 827 984 506 268 174 501 40 774 71 165 902 0 649 488 693 657 25 910 199 666 162 31 848 907 350 905 144 611 502 932 591 689 710 785 751 464 644 398 
382 598 878 451 551 217 996 924 953 123 54 565 601 853 745 3 990 990 0 116 80 43 681 22 685 638 671 650 163 101 160 217 858 346 957 371 892 230 62 439 706 
183 225 855 185 202 128 514 628 817 6 610 532 126 235 330 629 847 797 466 460 575 223 661 38 980 475 124 632 383 551 198 104 654 5 865 980 771 261 534 158 362 
614 210 666 695 416 380 201 883 201 932 372 668 300 724 413 60 197 344 781 459 642 575 94 944 479 459 381 423 591 457 592 122 388 327 791 18 409 52 11 0 405 
725 462 95 430 903 742 525 44 443 831 965 882 140 225 648 425 261 739 388 523 990 129 402 475 147 938 962 863 989 52 812 587 124 572 429 679 961 231 70 323 725 
915 735 32 117 429 194 388 138 925 90 121 139 21 135 173 867 379 347 684 740 590 770 860 428 458 580 766 620 942 471 270 99 274 358 206 637 991 715 421 819 733 
741 255 284 537 765 673 142 119 103 102 975 725 716 374 971 807 724 623 460 998 938 855 105 528 179 651 442 866 277 973 767 696 842 636 556 913 211 642 993 111 232 
714 60 18 747 648 711 975 992 886 72 745 25 357 836 236 471 960 584 739 943 439 642 166 455 143 239 329 190 300 924 654 143 25 226 312 388 725 264 715 947 165 
462 17 424 321 17 195 55 854 476 34 629 791 975 16 251 701 382 765 155 380 550 713 450 276 568 740 258 145 234 809 225 358 601 671 847 667 237 30 642 192 883 
366 47 512 588 209 537 420 292 75 623 118 351 339 174 333 108 438 806 976 565 100 316 955 309 463 362 866 370 958 289 760 77 977 497 725 344 934 298 466 266 338 
956 82 93 672 0 514 165 312 65 453 891 980 565 769 762 792 729 727 172 956 529 246 838 985 531 762 243 822 558 247 583 28 928 664 982 708 738 822 604 234 290 
771 147 535 265 438 289 505 968 886 915 617 244 107 507 174 113 76 375 480 169 396 116 426 846 543 829 112 710 101 221 887 131 678 647 782 946 960 318 118 296 243 
218 229 894 240 7 102 56 287 366 618 240 720 913 313 171 788 9 188 949 640 693 741 849 236 251 659 952 923 722 858 820 477 109 870 979 484 323 207 474 588 319 
241 761 154 369 611 334 695 81 876 371 508 640 64 38 653 278 380 570 560 781 157 202 505 908 102 198 544 887 337 880 539 132 987 73 525 539 691 121 610 560 251 
312 248 315 21 394 992 872 234 240 426 666 29 682 712 785 86 721 905 337 175 873 685 618 590 257 396 954 986 186 441 656 867 19 881 675 965 29 646 165 370 278 
384 557 86 931 831 375 291 766 425 462 758 81 683 13 729 750 891 158 765 968 660 231 273 657 659 569 758 649 98 216 311 618 325 704 476 8 615 570 971 143 796 
783 89 94 221 37 559 472 934 517 104 156 845 359 145 838 848 344 758 823 532 675 6 350 668 102 826 34 276 18 99 267 10 197 306 869 367 799 156 123 923 965 
240 418 119 927 845 72 447 407 963 793 527 804 64 71 107 713 854 745 286 404 525 508 571 94 894 907 517 248 859 584 958 38 55 942 710 569 822 369 536 186 979 
88 102 451 913 253 187 834 743 255 44 143 423 660 444 822 54 460 603 363 224 396 480 937 743 407 546 996 268 920 791 439 85 245 643 897 487 340 175 554 69 832 
129 387 21 186 102 390 450 590 987 28 818 927 702 41 779 194 547 836 286 68 102 360 521 274 404 267 178 225 690 331 37 841 227 437 542 596 927 70 96 314 566 
216 828 141 5 47 713 471 365 657 561 537 520 565 182 630 616 212 359 738 56 127 128 913 579 450 333 165 222 328 146 487 755 755 898 412 778 251 489 591 70 63 
810 923 21 408 799 731 998 644 144 411 411 486 549 475 244 384 259 11 826 434 330 938 165 595 406 117 933 336 655 447 787 825 919 558 794 104 242 880 164 13 326 
55 370 858 663 785 505 999 983 514 177 949 999 882 857 723 839 775 671 683 608 139 849 903 256 184 482 963 899 13 762 527 186 205 46 373 399 25 852 921 936 929 
637 2 770 333 715 735 282 442 223 0 418 535 364 42 576 795 184 316 259 38 588 699 582 143 288 171 206 994 767 974 15 645 611 42 297 751 881 887 944 419 236 
123 143 695 837 654 921 738 173 300 989 267 481 522 223 665 427 174 759 156 671 788 493 600 846 985 370 433 833 173 806 18 163 539 197 544 269 577 520 813 783 309 
264 664 293 266 213 556 585 295 252 511 843 173 929 32 536 372 746 263 488 660 784 443 774 691 399 448 440 11 392 302 170 648 129 514 321 374 18 865 681 550 721 
