19 16
62 621 1686 1378 1734 1824 737 1864 564 179 754 503 1398 1812 476 332 
809 1798 1182 480 300 1513 102 272 272 357 573 588 1419 1474 1330 947 
478 1070 1466 1728 1550 409 806 13 1886 257 1240 1727 1309 1486 794 1400 
466 1541 1792 1479 1749 492 1687 1884 1070 861 1571 526 1515 525 1777 1890 
1244 91 659 160 1647 296 790 782 1993 1683 1109 1516 462 7 1174 1724 
1420 982 159 1943 1580 789 755 20 262 1433 1359 442 235 1976 1759 975 
569 1703 1774 328 960 1737 1485 307 1267 1597 1203 21 332 1001 616 33 
1717 301 1170 1407 670 610 1102 361 1691 1728 1988 401 1835 418 43 487 
1734 348 801 1707 1225 1498 844 371 263 1976 1027 1687 1973 105 516 1687 
1357 959 120 1648 955 1617 1531 318 1768 1789 1189 696 1220 1983 1562 166 
1952 443 1978 1969 1892 651 254 1717 300 1416 483 1580 420 277 141 658 
1162 50 539 660 1848 1516 432 1230 985 448 1648 1726 1983 73 1666 151 
957 747 1031 946 556 976 1409 1443 165 1709 229 193 1415 817 1783 794 
1987 440 1861 1356 1850 1379 855 417 512 1877 579 347 545 1379 1321 386 
1902 1870 824 788 991 1078 95 23 1006 1907 91 423 852 313 1993 1277 
1981 1037 1100 1917 667 118 1903 1066 344 1942 1782 37 1165 1007 1802 945 
835 774 498 1244 922 1172 235 1083 436 893 430 1761 184 625 1739 1019 
1202 458 114 1981 1483 24 1825 1881 1363 1156 780 1780 883 1507 1218 156 
44 1049 526 1197 700 1875 1904 786 1200 222 880 1896 1199 1018 1787 469 
19 16
1141 991 660 1512 1071 481 1448 486 1488 1181 1405 448 178 1818 316 979 
832 860 525 888 1277 222 111 46 1994 1077 1560 1756 345 325 462 229 
1774 1071 289 1962 164 1991 1761 1965 1978 201 1321 857 1778 601 798 1704 
1972 1361 1483 1426 1445 109 74 1663 561 694 626 655 1894 0 600 823 
376 431 1415 793 639 1839 1110 1625 143 1303 1790 68 1574 306 1325 1172 
1911 616 111 1672 1419 1926 916 459 811 664 627 958 963 1576 1253 906 
1024 32 1920 692 1031 342 1941 507 1620 419 1752 964 517 1972 1526 202 
708 1521 1056 1395 264 111 65 1963 1588 519 295 1108 1300 574 32 1910 
338 1255 1432 760 1897 874 1821 864 1174 1097 1722 1304 57 1056 1607 1151 
246 1418 1495 261 282 957 1417 218 500 1323 864 800 1189 1805 1150 239 
1966 1737 1530 426 927 991 1436 1823 798 1376 818 1704 217 491 448 1619 
756 1498 131 1824 1542 1367 1705 142 607 798 789 1813 1974 1049 1996 113 
1774 1073 1607 109 776 1224 1561 1672 409 111 9 374 741 1086 1916 1072 
1845 757 1433 1249 619 152 1981 314 1778 61 1798 1385 1068 1343 1523 846 
744 657 1752 116 1927 1656 1779 1369 713 104 214 114 1284 1846 1919 1788 
1189 1414 1347 68 1107 1416 1146 1726 1308 799 1755 1343 1746 1271 168 796 
1400 1275 631 761 706 254 749 1051 1391 106 1222 727 695 307 1881 1240 
1059 790 1320 994 240 398 246 1018 1199 928 1392 547 1688 73 207 760 
387 302 1770 1692 10 526 1364 1058 451 302 544 284 440 440 334 1524 
16 14
1112 462 1915 54 1875 322 1740 1175 193 1130 1942 1971 630 978 
1098 1272 531 1479 1984 898 1634 88 755 324 1194 977 220 1322 
1762 1410 1308 1479 863 707 953 719 152 289 1682 1964 1895 1006 
1185 3 1034 833 1041 819 683 184 147 1020 1967 1887 902 888 
1520 385 1301 1440 1114 1942 251 1481 399 678 1320 932 1331 1768 
1016 1036 1638 617 1942 951 756 1466 1366 844 1571 1856 791 1889 
224 680 604 1587 163 163 1882 949 1171 819 1333 1283 1500 1280 
129 146 66 1559 204 1528 811 767 1606 1740 1078 1409 217 1545 
1787 1021 1748 1251 568 758 866 982 853 988 613 1550 879 1113 
1937 723 661 1929 1184 872 1976 1993 685 1021 294 1602 240 1323 
572 292 562 1753 1869 1286 1245 1054 1433 1102 983 615 455 1142 
1165 1615 761 398 939 483 1682 978 789 1725 959 109 1944 524 
1285 897 1556 1063 894 649 1290 1553 1873 1239 484 1601 1458 1631 
193 350 164 142 1587 678 1478 1128 572 1560 837 684 265 1215 
682 1106 863 560 1487 558 857 847 449 1498 186 913 480 1216 
1294 1014 1120 1295 1558 481 726 785 536 1118 665 1240 913 762 
16 14
1018 697 1080 1721 341 945 150 1622 751 1487 1296 630 127 121 
1547 852 1068 315 1355 856 699 738 259 598 1718 403 975 114 
1359 566 1292 646 344 629 1394 725 757 1435 848 1101 97 1259 
531 692 1526 680 1278 1495 77 342 1734 607 1305 166 1861 1519 
19 1344 1917 46 592 1710 218 1181 1215 490 436 181 53 1932 
580 776 1761 715 989 1709 24 1331 1788 1650 828 1820 1127 323 
1039 900 502 490 1755 1768 1913 781 1851 1811 970 1244 210 1098 
665 724 605 1561 1950 1468 1944 364 1132 330 1287 1551 897 148 
1741 787 1571 1131 153 1693 1246 149 1566 834 1793 648 908 380 
1799 459 1547 986 923 1435 161 346 1876 1208 1940 507 1281 320 
82 134 1678 855 1107 1446 1081 1570 1337 691 12 1917 1255 1503 
218 413 985 1223 519 330 1996 1840 246 1064 1345 1846 1936 1548 
1344 1359 945 1141 596 1976 1281 542 836 764 730 400 1929 1422 
1667 321 729 1632 1801 1216 340 412 152 19 1432 1642 1345 889 
1025 155 49 1772 1923 619 969 666 296 684 376 1105 1878 1848 
1429 139 1137 1991 1369 1296 1730 1090 1641 450 1784 229 1800 1412 
