4000 3
96 49 84 
51 38 17 
97 35 96 
20 60 68 
8 81 52 
69 71 85 
81 75 25 
43 69 79 
42 61 89 
94 79 87 
71 74 48 
51 65 76 
68 62 93 
70 26 83 
30 42 55 
50 29 13 
31 5 58 
60 35 83 
55 78 42 
9 88 59 
11 29 70 
65 7 92 
53 37 63 
10 77 63 
31 66 63 
39 32 18 
95 24 27 
17 37 74 
36 95 12 
22 74 24 
80 6 50 
99 70 74 
39 92 51 
61 42 98 
62 86 69 
41 82 75 
99 91 12 
97 0 1 
52 14 73 
25 19 9 
80 32 86 
20 44 24 
9 38 11 
74 84 73 
92 71 89 
63 92 43 
20 64 28 
41 54 12 
68 74 17 
42 96 31 
63 21 13 
38 78 35 
93 48 91 
65 64 62 
30 56 41 
54 94 39 
33 15 16 
88 3 75 
79 44 4 
91 89 7 
55 10 24 
45 80 52 
84 76 71 
19 76 66 
97 16 38 
73 86 61 
86 67 75 
67 25 63 
16 47 67 
98 59 52 
75 64 25 
77 87 30 
13 32 46 
63 51 29 
50 58 71 
48 87 80 
98 64 87 
42 49 90 
17 56 67 
70 51 74 
32 17 69 
33 56 22 
45 57 88 
55 41 37 
3 66 2 
37 68 89 
24 56 26 
54 65 14 
38 76 81 
73 17 30 
73 40 76 
85 71 56 
75 74 63 
28 53 70 
22 91 92 
94 89 87 
80 66 84 
40 62 46 
60 38 71 
45 62 37 
55 42 19 
0 7 75 
88 36 26 
68 4 36 
19 41 80 
35 20 99 
62 70 34 
60 60 6 
62 38 7 
80 38 59 
76 66 3 
82 16 63 
29 23 13 
44 41 51 
5 99 58 
66 94 99 
4 89 98 
12 42 8 
70 6 61 
40 31 17 
33 9 42 
2 74 19 
63 5 98 
32 97 61 
16 41 50 
95 71 63 
78 39 78 
83 94 18 
61 97 23 
84 41 36 
32 0 6 
21 25 22 
15 69 45 
0 91 94 
89 45 49 
33 45 59 
91 23 15 
93 25 55 
78 99 40 
10 20 66 
19 81 89 
71 5 71 
1 55 75 
91 20 33 
64 86 29 
6 28 29 
42 29 50 
60 97 1 
23 33 11 
77 29 76 
46 36 18 
39 12 1 
13 38 61 
73 96 13 
18 1 91 
47 72 16 
30 98 71 
80 84 32 
22 74 53 
41 32 90 
93 52 23 
58 71 65 
52 71 49 
95 46 4 
94 29 69 
92 41 98 
90 38 30 
93 86 18 
90 5 34 
83 64 55 
73 99 58 
96 26 87 
23 15 75 
7 57 93 
64 57 29 
59 73 95 
25 4 11 
62 86 14 
15 78 58 
45 22 71 
68 59 50 
25 93 19 
65 78 6 
69 42 61 
46 17 5 
91 63 29 
87 65 34 
6 19 3 
24 92 31 
40 33 5 
44 30 33 
78 73 67 
30 63 47 
76 76 85 
46 33 0 
30 88 22 
50 99 27 
96 52 71 
83 85 74 
19 6 7 
5 11 23 
9 8 71 
18 18 1 
3 7 86 
62 82 29 
26 38 90 
34 9 1 
74 43 36 
61 14 76 
49 99 59 
73 17 68 
55 65 18 
74 40 56 
89 12 1 
41 73 47 
6 71 40 
18 43 43 
99 3 9 
75 93 56 
77 48 5 
1 42 23 
63 81 8 
97 40 81 
65 12 89 
4 67 30 
68 18 98 
71 78 77 
35 10 67 
24 54 16 
15 49 0 
26 45 89 
24 12 83 
21 48 75 
41 91 83 
3 42 28 
42 41 86 
22 40 14 
86 18 39 
87 63 65 
39 14 95 
11 23 90 
19 83 19 
63 41 2 
0 12 14 
64 16 41 
3 40 68 
33 66 22 
43 35 49 
42 45 25 
44 43 42 
46 72 76 
48 16 27 
44 44 95 
16 54 47 
33 4 76 
24 50 54 
15 40 89 
46 11 26 
26 53 78 
45 73 2 
45 66 69 
38 72 61 
27 13 74 
22 17 86 
56 98 74 
17 79 53 
8 97 66 
16 95 4 
37 58 97 
39 99 97 
10 37 92 
92 20 25 
7 89 73 
62 5 42 
85 34 83 
74 60 41 
1 97 75 
10 42 89 
67 28 76 
4 7 49 
98 43 19 
50 47 4 
93 57 56 
65 68 32 
31 29 10 
49 38 50 
93 40 72 
54 18 0 
44 18 45 
57 42 12 
34 28 67 
33 66 41 
51 72 23 
69 61 58 
84 96 83 
68 71 52 
86 5 81 
52 64 37 
44 35 66 
64 5 78 
55 73 98 
98 16 73 
89 83 16 
89 19 62 
85 76 29 
96 58 4 
90 44 17 
75 18 87 
39 93 68 
10 28 22 
67 9 94 
89 74 24 
56 24 63 
22 99 19 
89 33 72 
32 88 36 
64 45 3 
40 54 73 
6 4 63 
29 26 72 
75 14 30 
19 98 82 
7 88 56 
15 6 94 
90 9 90 
77 13 38 
4 26 77 
47 74 53 
98 98 83 
66 59 9 
30 41 88 
50 87 61 
17 73 36 
18 31 10 
69 56 62 
77 94 88 
84 87 31 
6 45 49 
84 6 90 
5 36 29 
87 34 81 
44 41 32 
76 88 7 
49 49 88 
70 90 81 
62 10 87 
2 14 62 
28 16 66 
24 68 24 
11 21 27 
51 16 75 
29 84 26 
81 56 62 
76 76 93 
54 68 16 
54 4 22 
75 58 0 
60 22 97 
76 83 36 
72 82 41 
81 15 85 
13 42 95 
96 92 18 
24 25 95 
60 80 56 
2 68 58 
40 73 66 
2 23 66 
12 12 73 
29 77 59 
37 89 67 
93 36 47 
75 93 29 
79 63 84 
33 49 66 
51 65 30 
60 13 24 
38 3 79 
76 71 76 
27 87 49 
44 52 85 
60 26 0 
59 15 43 
78 52 40 
45 91 48 
79 66 44 
55 74 48 
95 48 25 
40 49 34 
14 67 46 
48 28 75 
48 13 88 
45 15 66 
91 60 27 
31 95 18 
40 88 4 
50 86 57 
85 15 35 
97 14 81 
92 25 74 
14 19 95 
67 70 56 
94 79 70 
89 93 87 
26 32 30 
43 12 88 
80 90 46 
45 79 9 
83 55 27 
80 4 62 
93 89 21 
99 14 7 
21 10 88 
25 79 58 
24 74 81 
28 46 15 
26 51 38 
61 5 64 
83 16 77 
59 94 89 
7 79 5 
51 79 38 
95 27 2 
77 24 36 
20 4 78 
29 7 73 
98 98 89 
68 85 69 
87 64 26 
30 21 59 
57 30 81 
5 62 95 
83 83 43 
5 71 29 
89 58 71 
46 5 14 
51 88 62 
65 33 51 
84 71 0 
5 80 37 
42 60 47 
7 2 82 
23 64 57 
99 65 11 
30 60 9 
30 21 36 
71 59 84 
43 83 22 
34 54 49 
67 65 85 
69 15 63 
69 12 39 
95 42 24 
65 99 37 
87 64 37 
85 44 19 
1 42 3 
48 90 15 
35 99 70 
44 66 15 
73 16 66 
56 9 4 
26 59 30 
53 72 89 
98 81 27 
71 62 20 
58 98 92 
34 83 15 
46 72 89 
15 24 14 
59 93 84 
67 89 63 
64 60 25 
10 92 2 
36 50 81 
86 47 1 
77 27 16 
97 2 35 
44 26 11 
54 91 88 
56 78 49 
40 76 88 
25 40 9 
46 88 73 
56 25 74 
26 2 70 
77 93 63 
73 46 33 
50 54 10 
31 27 1 
93 17 67 
37 40 59 
81 41 86 
95 14 24 
50 10 25 
72 26 52 
92 47 3 
78 43 44 
66 54 97 
81 5 85 
60 86 11 
1 39 0 
23 66 97 
49 1 91 
28 98 94 
82 83 22 
47 69 32 
80 28 38 
91 10 91 
3 31 15 
30 66 51 
35 57 8 
24 77 80 
67 9 37 
94 27 25 
34 56 60 
41 22 81 
80 85 99 
14 22 10 
97 50 98 
85 71 40 
75 11 40 
70 40 34 
64 47 16 
90 97 34 
37 0 55 
71 83 32 
49 34 97 
75 43 78 
61 54 82 
29 29 96 
8 81 55 
56 26 9 
87 69 10 
54 6 35 
83 34 65 
10 3 5 
13 77 10 
52 52 11 
2 5 9 
70 99 95 
81 23 2 
95 35 13 
48 10 36 
31 92 32 
34 21 14 
35 59 47 
1 90 18 
80 89 7 
74 68 90 
51 71 8 
88 15 59 
7 84 48 
5 61 58 
3 26 49 
17 76 81 
55 29 77 
99 70 73 
44 65 66 
90 7 60 
18 41 99 
32 30 26 
97 34 59 
74 77 11 
4 57 58 
34 70 16 
16 14 86 
56 88 81 
20 8 6 
48 52 85 
44 58 50 
31 41 22 
3 35 73 
97 16 76 
62 3 24 
18 51 75 
99 12 56 
29 72 87 
98 15 68 
37 3 83 
6 19 63 
58 33 27 
38 58 74 
82 18 19 
89 9 28 
84 10 91 
70 88 56 
78 10 92 
77 89 32 
24 94 6 
41 31 43 
12 57 22 
74 95 45 
20 51 93 
12 85 57 
43 44 7 
14 3 59 
26 17 71 
29 6 62 
84 55 72 
33 19 86 
53 36 22 
95 44 6 
1 47 91 
17 73 23 
84 17 63 
37 81 43 
50 54 91 
15 4 49 
4 77 73 
73 55 10 
73 64 58 
88 11 69 
6 21 20 
74 83 98 
61 9 57 
41 69 47 
57 84 16 
41 53 18 
1 79 73 
0 25 68 
79 57 69 
51 34 4 
63 94 33 
11 71 88 
55 67 82 
35 12 14 
44 60 15 
12 76 31 
74 87 92 
8 94 55 
61 2 38 
61 51 34 
70 29 36 
46 68 97 
56 61 2 
42 91 30 
98 59 57 
58 24 27 
78 86 43 
35 2 80 
33 35 17 
64 6 71 
53 37 36 
13 73 72 
38 14 11 
81 14 79 
73 60 10 
11 86 83 
32 46 76 
24 10 24 
16 84 73 
41 90 93 
8 54 29 
52 61 58 
35 61 51 
39 87 26 
46 88 93 
10 24 73 
9 55 95 
37 90 68 
35 36 32 
44 80 12 
46 65 11 
30 21 96 
99 39 2 
95 75 70 
64 75 15 
11 25 49 
35 76 27 
44 23 45 
61 62 16 
83 6 10 
36 3 9 
56 80 76 
13 13 58 
17 10 18 
64 20 39 
60 20 79 
88 8 14 
28 44 14 
41 84 70 
7 32 96 
89 73 74 
98 99 66 
83 29 55 
12 59 49 
17 0 33 
34 75 30 
38 22 7 
54 54 1 
88 68 58 
67 57 77 
59 22 79 
84 43 66 
96 83 17 
15 97 1 
88 89 24 
34 71 47 
45 60 80 
74 19 76 
28 37 25 
85 85 24 
33 54 24 
46 21 18 
2 64 25 
5 13 43 
92 2 41 
94 58 37 
58 30 26 
82 36 8 
16 8 72 
91 24 86 
21 12 53 
1 14 20 
39 78 98 
43 57 92 
54 16 22 
61 47 13 
95 31 93 
32 9 34 
37 53 27 
19 42 34 
11 26 25 
36 37 90 
34 20 45 
96 66 61 
0 82 18 
10 34 9 
87 49 31 
4 96 25 
7 2 25 
90 68 6 
62 74 30 
9 59 96 
91 15 49 
81 4 82 
8 65 36 
2 18 49 
19 48 28 
25 80 8 
38 7 0 
31 56 90 
54 82 76 
58 84 62 
61 73 48 
85 58 28 
18 5 89 
83 61 80 
8 42 86 
73 98 77 
12 78 60 
20 29 21 
28 43 56 
71 27 55 
59 59 28 
0 13 70 
74 47 81 
76 21 21 
96 34 5 
18 26 98 
52 63 71 
21 18 22 
21 97 71 
52 34 72 
67 47 42 
38 54 23 
75 63 86 
77 38 68 
75 90 94 
46 0 94 
84 42 35 
2 76 68 
89 22 64 
12 72 11 
84 39 33 
67 80 53 
50 24 88 
58 7 33 
76 4 34 
6 29 2 
97 23 60 
41 48 0 
15 83 14 
33 31 52 
18 13 64 
78 20 69 
14 16 55 
25 51 15 
83 82 34 
12 71 63 
72 87 85 
49 85 13 
78 76 44 
99 95 56 
42 66 94 
67 47 98 
72 80 11 
44 5 61 
33 96 16 
29 46 40 
84 87 40 
73 90 96 
62 48 18 
32 19 42 
74 37 93 
98 26 45 
16 26 84 
25 60 74 
90 19 8 
10 8 33 
86 2 58 
35 27 29 
18 97 34 
50 21 24 
95 7 41 
90 47 30 
97 76 47 
93 92 79 
31 39 81 
48 67 85 
66 0 49 
25 18 93 
0 88 86 
22 15 98 
35 40 55 
47 17 86 
0 32 24 
76 25 25 
70 99 95 
10 94 34 
0 55 73 
58 8 64 
59 27 61 
79 81 13 
51 85 58 
11 12 89 
66 2 67 
76 29 44 
12 32 85 
18 63 18 
50 34 46 
27 67 69 
50 59 78 
4 23 43 
0 42 24 
20 89 51 
58 37 30 
71 48 3 
93 91 22 
59 23 92 
86 36 68 
85 83 39 
54 28 6 
23 30 58 
84 63 38 
4 33 86 
82 61 30 
67 53 1 
49 99 4 
22 14 3 
7 70 22 
3 69 55 
29 76 42 
13 23 56 
83 30 93 
96 46 55 
52 74 57 
76 42 5 
51 81 15 
34 55 3 
7 28 82 
84 96 58 
43 86 73 
90 63 49 
87 84 86 
92 71 44 
13 53 55 
79 86 56 
25 53 75 
5 91 2 
65 15 53 
21 48 50 
13 60 19 
25 12 83 
57 81 37 
51 9 89 
47 23 82 
20 73 86 
42 64 84 
23 91 81 
92 91 89 
4 88 73 
9 4 76 
13 43 63 
85 14 56 
55 37 3 
76 22 16 
7 40 46 
10 26 34 
51 77 26 
6 21 57 
41 84 7 
60 13 42 
55 18 86 
97 24 94 
27 4 45 
19 56 59 
79 60 5 
17 9 48 
7 66 23 
34 30 64 
65 60 27 
47 5 56 
93 87 99 
22 97 90 
40 27 84 
21 68 35 
24 14 23 
67 80 23 
26 1 23 
20 32 82 
2 87 23 
66 43 64 
78 22 66 
35 39 61 
20 61 93 
81 52 42 
33 2 65 
16 3 87 
38 23 95 
1 20 24 
98 81 5 
40 32 97 
89 78 35 
43 19 17 
53 9 63 
24 51 32 
67 75 35 
28 24 3 
46 34 39 
27 3 69 
85 21 54 
9 9 37 
86 32 23 
20 5 71 
18 76 40 
71 26 17 
86 16 11 
63 56 59 
98 9 86 
98 78 38 
5 19 48 
59 14 60 
78 67 46 
34 36 25 
63 8 26 
82 40 94 
74 49 15 
84 84 35 
26 46 95 
45 10 47 
2 85 52 
33 7 98 
54 53 99 
9 11 8 
60 24 47 
8 72 3 
71 39 53 
67 0 39 
44 58 32 
22 96 84 
28 43 14 
80 80 93 
99 43 48 
55 49 48 
47 16 35 
95 74 93 
68 35 92 
93 11 0 
41 42 75 
58 43 20 
24 51 12 
12 65 58 
92 79 82 
93 94 99 
16 70 7 
4 2 73 
11 39 25 
18 78 43 
36 66 84 
77 67 76 
89 66 71 
20 13 60 
71 67 31 
71 13 11 
15 20 18 
4 2 89 
6 60 73 
70 64 70 
35 9 91 
63 17 75 
2 58 92 
14 61 34 
80 21 31 
72 65 5 
7 37 4 
22 78 99 
20 76 28 
77 76 92 
14 50 13 
95 56 80 
43 25 5 
12 22 13 
53 88 97 
71 28 76 
69 3 28 
56 88 41 
66 74 73 
99 19 36 
48 49 25 
60 82 67 
74 89 46 
28 57 85 
21 14 48 
73 84 15 
73 94 81 
88 97 35 
24 90 87 
50 17 94 
57 1 15 
44 96 5 
54 65 25 
67 37 73 
66 27 57 
86 38 29 
67 61 71 
98 60 90 
75 46 25 
1 65 54 
31 7 44 
64 98 3 
9 96 16 
41 80 52 
39 21 18 
55 40 43 
18 13 72 
4 80 40 
43 6 58 
38 51 49 
98 40 57 
57 78 12 
2 26 72 
76 33 81 
1 81 25 
55 9 89 
21 8 12 
8 79 48 
41 32 51 
70 41 22 
64 80 71 
69 62 19 
53 49 30 
56 58 98 
39 40 15 
30 4 51 
64 38 85 
17 70 3 
99 0 13 
58 47 74 
82 51 74 
24 66 55 
26 99 75 
22 92 30 
5 20 37 
15 63 76 
59 30 7 
36 75 49 
95 85 28 
49 40 8 
90 51 88 
17 96 63 
69 87 27 
50 8 40 
32 71 56 
27 98 19 
26 16 2 
25 38 78 
70 83 85 
95 78 44 
69 55 45 
61 9 0 
75 63 53 
27 4 79 
50 8 44 
56 70 19 
79 77 49 
31 22 21 
33 72 60 
14 17 53 
63 59 5 
32 1 96 
92 5 46 
44 68 10 
93 29 44 
32 73 52 
24 82 75 
43 86 36 
11 11 74 
76 57 3 
20 9 51 
97 42 27 
28 52 86 
69 37 51 
8 75 54 
43 15 43 
66 35 2 
68 80 10 
75 43 48 
12 23 66 
88 59 3 
25 30 81 
15 51 46 
50 73 97 
20 40 13 
91 38 61 
67 61 99 
9 42 60 
15 50 92 
98 71 73 
18 14 75 
48 17 24 
92 53 85 
53 61 4 
96 38 38 
53 1 62 
4 71 22 
52 48 46 
69 47 3 
53 0 95 
39 59 23 
31 74 44 
53 66 86 
22 39 35 
90 76 56 
81 43 3 
98 81 15 
34 44 63 
13 23 3 
97 79 70 
87 4 32 
93 53 18 
57 10 22 
16 97 40 
1 0 97 
41 17 81 
51 39 36 
70 3 0 
16 56 4 
85 31 16 
62 33 75 
12 49 51 
80 27 57 
43 6 41 
19 20 67 
94 36 83 
25 21 1 
58 39 95 
88 20 30 
27 27 31 
61 60 54 
23 76 60 
75 24 98 
81 69 48 
98 68 96 
4 38 15 
7 76 69 
10 46 56 
30 16 5 
17 48 59 
58 95 84 
95 20 89 
23 28 47 
19 96 89 
55 17 79 
24 56 38 
26 11 72 
42 88 64 
66 64 1 
30 52 86 
27 2 87 
13 70 53 
18 89 91 
90 6 69 
6 40 93 
44 49 56 
55 72 28 
55 69 70 
9 14 87 
21 51 14 
78 46 21 
29 87 8 
9 63 47 
46 0 71 
83 49 7 
49 95 11 
48 97 42 
79 18 81 
25 63 47 
86 98 29 
71 1 90 
81 44 33 
61 87 93 
70 41 43 
19 35 58 
97 40 14 
92 69 67 
38 43 25 
74 36 12 
4 75 60 
82 78 69 
28 26 3 
58 26 32 
19 34 99 
61 66 11 
64 37 91 
22 66 11 
97 22 94 
86 54 43 
42 98 80 
65 2 79 
44 70 58 
49 89 37 
85 42 62 
6 11 11 
34 86 15 
33 71 19 
30 65 81 
99 1 47 
22 40 97 
10 43 64 
16 94 97 
16 20 12 
93 68 94 
92 80 4 
17 7 97 
43 39 11 
36 4 72 
46 34 10 
65 74 38 
21 95 9 
12 55 45 
44 54 34 
69 2 18 
80 99 97 
96 3 50 
23 53 46 
71 29 76 
29 82 59 
34 41 28 
86 62 29 
30 47 93 
32 35 13 
55 83 97 
94 2 82 
77 87 87 
53 41 67 
26 44 44 
52 67 26 
34 12 97 
6 95 55 
92 56 66 
88 83 83 
48 96 27 
62 7 61 
75 5 25 
97 7 46 
86 50 85 
51 78 31 
69 9 64 
70 67 14 
48 54 41 
44 31 69 
77 88 78 
49 18 72 
66 62 72 
34 90 67 
28 97 73 
80 73 96 
22 83 34 
94 57 8 
84 54 2 
44 54 62 
52 10 41 
30 3 20 
80 75 99 
21 92 5 
74 11 97 
0 5 62 
74 42 63 
40 94 13 
29 93 4 
51 64 44 
23 3 92 
94 6 6 
85 24 49 
34 36 69 
74 64 43 
73 50 19 
89 12 56 
85 81 45 
83 61 27 
95 41 32 
85 56 63 
43 26 53 
14 21 52 
47 78 45 
0 69 64 
51 72 2 
26 59 55 
46 61 41 
3 47 82 
22 30 23 
53 37 51 
5 6 80 
32 15 86 
49 16 52 
9 94 76 
54 84 52 
22 31 32 
93 68 24 
34 95 47 
75 92 98 
39 43 82 
4 83 31 
23 16 42 
51 0 82 
74 40 33 
31 72 69 
34 69 93 
18 91 29 
47 4 50 
75 93 82 
4 70 62 
93 1 90 
17 96 39 
82 73 23 
51 53 26 
72 61 10 
80 95 42 
86 93 72 
66 38 25 
53 2 84 
79 54 68 
75 33 99 
43 22 51 
9 58 9 
14 87 91 
32 34 36 
66 55 37 
42 6 3 
35 1 52 
3 33 27 
18 13 4 
16 74 74 
90 65 97 
86 89 58 
9 35 6 
76 37 66 
13 26 38 
87 24 79 
71 86 97 
13 1 52 
16 80 17 
67 60 37 
21 9 41 
94 82 81 
26 73 68 
6 72 14 
53 93 19 
27 8 20 
53 84 32 
97 84 3 
26 26 58 
85 40 60 
67 11 73 
85 84 14 
25 5 52 
44 42 11 
73 18 13 
57 38 40 
98 72 89 
1 25 99 
69 90 2 
89 82 3 
75 94 22 
90 60 41 
64 50 80 
33 2 20 
68 87 98 
33 46 10 
91 4 21 
38 74 0 
44 17 69 
49 51 13 
2 64 39 
39 69 91 
23 48 26 
65 77 76 
66 4 7 
88 3 23 
0 11 84 
87 13 72 
40 98 36 
23 6 32 
82 25 98 
36 6 8 
65 59 61 
73 52 90 
42 73 20 
89 32 95 
29 65 33 
90 80 22 
52 68 96 
5 32 45 
88 4 41 
62 56 43 
99 11 85 
95 33 82 
66 29 52 
75 78 80 
72 84 83 
83 11 49 
63 76 49 
71 41 97 
36 82 96 
13 78 96 
20 54 13 
42 50 12 
31 90 24 
23 36 87 
10 89 76 
22 67 42 
6 52 47 
38 56 70 
15 81 52 
98 90 45 
41 62 89 
56 55 64 
57 72 17 
62 61 78 
98 5 32 
48 32 22 
4 11 23 
83 99 57 
9 86 0 
28 62 6 
44 45 18 
43 34 1 
49 53 66 
13 87 34 
10 8 70 
88 1 78 
4 82 47 
48 59 67 
71 20 61 
56 88 82 
11 93 85 
28 24 77 
50 22 50 
71 38 43 
81 35 57 
30 71 98 
30 15 97 
47 82 0 
67 41 79 
56 76 35 
45 51 6 
25 94 99 
78 43 6 
94 57 62 
14 39 12 
27 26 92 
79 46 3 
20 18 25 
36 46 91 
95 55 3 
45 81 22 
59 49 60 
31 62 16 
52 75 37 
72 83 59 
31 88 25 
60 75 80 
26 97 64 
18 98 6 
0 55 15 
96 78 18 
11 88 43 
25 19 69 
57 90 39 
35 83 85 
41 66 96 
61 44 3 
90 73 87 
94 22 93 
40 20 89 
45 68 76 
20 66 81 
55 39 35 
23 65 40 
68 35 45 
66 46 87 
17 96 31 
14 40 45 
63 13 63 
61 70 58 
19 49 1 
19 97 92 
68 5 43 
46 77 34 
54 29 78 
58 47 49 
21 8 64 
22 74 35 
10 7 45 
9 10 80 
42 64 90 
18 30 41 
22 91 32 
98 58 83 
51 58 47 
58 89 45 
71 74 22 
68 28 11 
12 66 47 
99 21 67 
20 80 90 
24 60 76 
84 95 76 
58 12 42 
24 65 26 
63 23 8 
39 43 22 
46 63 22 
41 62 71 
14 76 60 
33 13 58 
41 80 33 
45 36 24 
4 2 35 
5 0 79 
18 30 85 
50 57 98 
40 44 32 
6 99 99 
57 54 20 
15 47 19 
67 23 45 
86 70 42 
63 4 2 
96 9 31 
47 13 58 
84 1 76 
43 26 3 
40 82 51 
7 25 23 
31 36 27 
25 75 91 
48 65 23 
8 92 47 
39 89 65 
67 26 43 
39 37 37 
87 82 52 
31 99 92 
19 45 5 
83 97 5 
88 87 18 
69 87 79 
29 21 9 
91 40 78 
88 76 33 
69 82 99 
65 57 22 
81 61 96 
91 41 71 
64 29 96 
20 50 74 
54 48 17 
44 93 62 
48 72 47 
85 5 83 
28 84 61 
13 78 13 
69 92 70 
66 90 27 
0 41 85 
31 67 15 
48 69 71 
85 13 59 
0 19 27 
94 6 73 
10 47 93 
76 68 34 
95 79 4 
26 81 90 
6 27 67 
50 67 24 
82 33 38 
13 98 13 
51 72 53 
35 81 78 
88 5 65 
43 29 7 
61 0 74 
1 12 93 
34 39 80 
68 11 77 
59 98 93 
63 98 81 
29 86 78 
52 9 41 
52 6 65 
20 0 16 
12 58 67 
82 36 30 
78 20 43 
93 20 96 
24 81 7 
31 84 77 
23 42 95 
94 40 80 
9 9 82 
83 54 42 
71 90 76 
67 26 7 
20 39 49 
73 72 44 
1 18 30 
63 35 27 
57 24 56 
66 20 56 
96 62 88 
8 92 62 
35 93 50 
22 12 3 
31 79 84 
94 49 62 
91 49 2 
34 64 37 
93 56 62 
65 27 94 
48 24 7 
63 11 31 
15 20 11 
42 84 69 
31 48 27 
51 83 40 
64 81 86 
26 16 61 
28 40 32 
24 62 42 
81 17 95 
24 52 78 
72 64 32 
23 92 45 
29 77 65 
65 85 19 
23 74 28 
31 55 11 
81 85 34 
96 11 86 
24 21 11 
83 62 96 
23 82 54 
45 54 65 
1 54 82 
47 78 50 
9 96 39 
0 35 96 
23 12 84 
4 8 56 
3 88 81 
39 28 10 
6 94 25 
25 51 48 
2 51 15 
38 59 90 
58 39 44 
16 40 50 
47 36 19 
0 63 91 
28 89 49 
90 97 49 
16 62 43 
60 91 10 
89 19 87 
10 18 11 
9 99 98 
19 1 68 
65 4 98 
47 48 48 
68 90 64 
59 83 37 
32 89 87 
88 31 80 
83 29 8 
37 2 70 
52 83 36 
5 50 89 
8 86 70 
63 43 52 
95 97 46 
58 14 44 
44 5 91 
77 53 93 
3 57 92 
6 13 80 
72 50 94 
81 32 72 
48 80 7 
5 62 29 
26 96 19 
30 29 22 
59 76 2 
19 97 24 
31 27 88 
62 60 48 
51 44 31 
49 39 77 
13 21 3 
69 25 20 
73 81 58 
48 88 1 
92 21 4 
15 29 51 
69 59 16 
10 33 71 
70 13 45 
98 53 27 
88 90 51 
94 23 48 
63 72 81 
44 41 12 
85 7 77 
50 55 51 
68 62 17 
67 65 94 
15 52 7 
61 42 17 
34 88 42 
22 15 65 
4 69 57 
57 19 23 
99 32 28 
68 50 9 
78 19 22 
47 30 52 
32 6 84 
32 5 81 
59 22 5 
64 9 57 
66 38 99 
9 32 42 
13 35 69 
62 15 47 
35 87 23 
13 25 77 
97 19 77 
83 26 23 
35 80 60 
45 55 16 
51 33 16 
28 44 39 
7 33 70 
48 11 10 
41 26 94 
89 15 78 
78 91 84 
0 91 33 
0 30 92 
13 73 25 
32 55 32 
3 86 65 
59 38 73 
26 36 99 
93 71 18 
32 27 40 
29 99 6 
19 76 86 
37 24 3 
45 49 29 
49 12 0 
91 52 13 
81 86 99 
48 59 78 
53 97 3 
47 26 17 
59 54 90 
30 17 96 
19 6 1 
62 75 65 
48 1 98 
10 7 20 
12 16 57 
90 57 64 
21 28 91 
58 75 35 
23 90 16 
74 73 34 
22 97 77 
9 19 18 
40 88 26 
95 91 19 
55 63 37 
23 30 61 
78 66 69 
6 36 16 
21 25 86 
99 13 43 
63 53 48 
64 99 30 
5 63 93 
12 6 43 
34 70 33 
47 55 74 
17 82 37 
73 5 93 
3 30 40 
67 34 71 
44 68 66 
0 3 76 
46 43 35 
57 62 87 
52 32 76 
6 62 16 
70 98 81 
1 59 30 
27 78 55 
67 85 94 
24 96 74 
32 6 66 
59 80 16 
17 59 13 
94 55 45 
43 35 35 
37 73 87 
88 61 12 
62 92 51 
71 33 27 
24 51 0 
78 30 7 
6 43 83 
42 59 1 
46 33 66 
16 53 75 
84 38 87 
29 96 72 
73 83 11 
3 25 53 
88 89 58 
14 63 5 
32 6 97 
62 82 48 
12 10 97 
79 62 3 
82 10 81 
35 39 40 
52 45 17 
83 90 19 
8 34 3 
27 27 40 
80 62 53 
84 12 25 
37 99 12 
45 6 37 
65 3 82 
5 76 64 
92 43 99 
80 89 15 
11 8 28 
83 11 63 
27 41 98 
79 6 60 
7 98 0 
37 52 42 
14 7 82 
21 16 84 
30 33 14 
84 79 66 
77 79 29 
44 60 0 
82 90 40 
46 36 25 
32 81 49 
44 72 27 
47 24 59 
48 18 84 
41 35 29 
26 23 15 
46 17 42 
4 2 84 
36 32 23 
8 62 63 
61 36 55 
13 83 88 
95 47 60 
96 45 99 
76 91 75 
31 88 35 
96 20 43 
23 35 27 
14 92 96 
39 29 12 
4 75 37 
8 62 84 
58 97 68 
76 79 15 
49 30 5 
12 75 98 
25 38 94 
37 56 74 
82 53 39 
72 51 37 
9 59 4 
44 33 29 
89 6 57 
87 13 26 
22 39 20 
73 88 37 
18 80 77 
15 66 92 
7 95 70 
35 63 57 
41 15 67 
41 85 58 
42 31 30 
70 32 74 
65 94 45 
37 20 89 
58 4 94 
26 96 45 
11 2 34 
85 74 63 
99 38 3 
28 11 61 
47 1 61 
6 21 24 
83 58 55 
94 71 97 
51 55 92 
32 65 71 
8 98 18 
61 98 53 
23 20 28 
47 93 74 
73 6 32 
45 44 59 
59 19 84 
9 52 48 
68 92 63 
83 71 39 
19 60 5 
81 67 91 
44 47 91 
87 51 44 
26 4 2 
53 86 54 
58 24 77 
50 30 96 
52 81 95 
43 85 61 
0 64 34 
31 47 40 
96 11 22 
18 40 24 
90 84 5 
7 78 89 
4 83 74 
82 17 22 
70 90 32 
89 70 6 
14 55 34 
44 95 32 
47 8 69 
25 41 84 
88 87 92 
20 37 59 
64 79 21 
78 85 99 
14 2 21 
2 70 35 
14 42 91 
87 58 78 
45 40 65 
34 74 35 
87 53 20 
32 37 19 
24 70 50 
26 18 60 
9 24 42 
46 36 11 
13 90 63 
2 37 16 
86 54 92 
79 79 88 
41 30 53 
17 32 57 
29 43 81 
44 29 99 
54 10 86 
57 80 65 
47 9 50 
20 54 80 
9 42 12 
76 96 60 
77 24 0 
96 12 57 
83 7 92 
78 87 4 
87 98 49 
18 86 21 
38 57 7 
38 85 16 
47 70 68 
42 61 95 
15 87 96 
42 57 5 
17 68 47 
83 86 49 
6 54 49 
32 56 59 
92 14 69 
90 25 26 
77 71 55 
4 67 98 
88 99 7 
60 70 10 
44 45 91 
15 77 24 
60 93 18 
80 31 60 
89 90 84 
6 37 23 
34 36 76 
94 39 71 
21 81 59 
41 88 82 
92 47 33 
83 2 48 
68 37 98 
3 24 88 
77 49 12 
71 37 91 
62 19 53 
83 1 13 
57 20 94 
57 14 4 
49 94 68 
33 13 93 
51 47 0 
73 69 56 
21 15 77 
99 43 16 
11 4 85 
56 11 38 
23 59 97 
19 75 56 
94 72 89 
50 12 85 
85 57 41 
90 60 48 
13 11 40 
12 51 28 
30 62 66 
35 67 93 
97 61 79 
70 25 92 
17 12 44 
11 94 95 
12 62 29 
10 97 89 
89 48 22 
88 93 22 
21 38 31 
5 20 48 
10 25 16 
62 70 16 
4 30 56 
0 99 27 
89 72 95 
79 24 28 
50 28 27 
4 93 18 
50 66 73 
77 52 87 
89 93 91 
35 55 92 
7 16 82 
71 80 93 
89 53 63 
23 69 78 
31 84 63 
86 69 82 
62 82 58 
66 23 3 
95 40 27 
22 61 31 
73 3 83 
38 69 36 
65 87 44 
79 16 80 
63 54 9 
52 92 49 
93 52 12 
43 53 90 
18 60 73 
94 90 76 
77 4 36 
19 29 46 
73 78 32 
55 47 29 
83 28 63 
75 13 36 
54 5 3 
44 97 13 
54 12 86 
31 87 31 
54 56 17 
75 37 63 
64 80 47 
72 41 60 
88 30 94 
71 87 36 
11 20 56 
44 91 6 
74 58 81 
26 3 1 
46 53 21 
77 7 61 
18 15 48 
67 30 36 
40 22 9 
43 47 46 
91 69 9 
2 58 23 
12 19 36 
91 29 43 
55 12 91 
86 53 79 
0 56 43 
13 24 51 
11 74 47 
59 82 21 
21 88 63 
1 29 41 
16 56 17 
13 32 97 
39 78 94 
21 7 71 
25 85 43 
26 82 1 
2 83 51 
98 41 41 
22 56 73 
40 94 42 
60 79 49 
80 96 25 
35 55 52 
83 56 48 
90 97 85 
75 90 86 
63 49 6 
64 51 80 
33 8 27 
83 75 90 
87 36 35 
22 18 77 
23 33 91 
75 43 17 
70 35 80 
28 0 99 
11 29 81 
3 78 36 
50 41 42 
51 10 91 
92 23 31 
5 74 51 
10 68 14 
22 88 53 
29 64 10 
1 82 12 
35 12 39 
7 9 56 
45 95 48 
39 96 14 
47 2 64 
15 38 56 
11 37 49 
59 29 99 
58 45 5 
97 55 0 
10 38 28 
74 69 40 
51 92 93 
72 40 84 
84 41 25 
17 55 23 
65 52 13 
83 61 39 
4 88 56 
25 26 18 
93 87 44 
83 20 56 
77 42 36 
24 10 82 
61 85 71 
25 64 54 
64 40 43 
94 28 99 
92 78 43 
46 33 70 
54 5 50 
42 84 98 
64 61 1 
77 12 1 
49 42 58 
70 47 19 
39 33 3 
28 49 51 
51 48 97 
62 62 12 
36 31 68 
13 7 47 
8 18 80 
24 72 53 
22 30 98 
55 26 92 
45 48 1 
98 54 66 
67 85 76 
14 36 7 
85 79 66 
86 40 70 
65 80 5 
25 11 17 
86 35 56 
42 70 11 
31 44 90 
33 21 66 
39 43 64 
89 13 19 
32 59 1 
25 25 71 
79 99 41 
56 40 12 
34 61 39 
33 5 91 
12 26 61 
59 78 66 
9 57 60 
7 92 96 
44 8 41 
9 58 81 
98 33 78 
68 3 24 
98 64 37 
5 30 8 
92 29 62 
69 86 52 
8 13 10 
16 23 60 
21 17 99 
87 49 42 
3 51 71 
76 80 22 
84 39 10 
51 79 45 
15 15 29 
87 54 50 
53 99 33 
56 21 55 
58 54 42 
1 3 55 
38 74 11 
62 78 53 
41 99 67 
3 70 64 
60 73 45 
73 38 50 
98 14 68 
70 71 17 
50 14 16 
23 83 96 
5 20 25 
70 78 93 
76 9 40 
6 0 56 
40 40 82 
20 23 28 
28 85 53 
23 91 8 
22 19 35 
5 41 45 
14 75 60 
48 54 78 
74 40 69 
32 39 6 
12 26 13 
23 80 99 
27 83 74 
47 92 31 
20 37 70 
20 51 98 
94 47 86 
16 32 7 
9 69 74 
63 23 55 
4 85 93 
35 57 80 
17 5 39 
36 30 0 
25 49 42 
15 54 96 
26 51 46 
27 10 12 
9 97 70 
56 16 30 
97 83 94 
85 74 42 
45 55 92 
47 68 29 
76 54 86 
85 2 56 
88 31 39 
23 9 96 
49 76 99 
63 69 49 
34 31 21 
55 89 31 
17 94 77 
57 58 2 
21 13 33 
82 13 27 
76 59 44 
32 68 80 
75 16 45 
69 19 17 
18 87 87 
41 68 20 
39 60 95 
96 70 1 
27 50 61 
73 22 65 
20 97 64 
37 95 62 
37 3 19 
44 16 66 
76 85 72 
4 93 34 
19 90 27 
17 84 21 
80 66 66 
14 2 41 
64 89 68 
4 70 44 
37 66 12 
64 0 60 
48 17 16 
93 74 80 
73 75 36 
41 31 31 
37 32 33 
31 79 42 
68 68 28 
23 52 20 
89 53 91 
61 15 72 
46 35 59 
45 56 24 
22 14 25 
16 80 13 
74 27 23 
30 9 76 
26 1 90 
35 23 30 
97 32 51 
44 67 75 
58 91 6 
49 40 47 
83 4 71 
53 67 52 
8 96 16 
44 84 30 
54 9 16 
30 6 11 
57 63 34 
92 13 71 
15 23 72 
80 15 99 
75 31 91 
17 43 13 
82 65 5 
35 58 13 
13 58 22 
2 39 75 
42 12 35 
42 40 66 
46 2 90 
79 6 6 
38 71 1 
58 26 22 
41 86 31 
49 39 37 
54 15 38 
37 24 29 
16 90 16 
5 11 77 
13 98 62 
69 92 49 
50 20 3 
67 56 90 
33 12 7 
15 38 12 
13 66 73 
83 29 23 
36 3 8 
39 93 20 
59 66 23 
83 75 81 
0 69 71 
80 22 80 
8 42 88 
20 91 87 
29 85 93 
99 54 45 
19 71 88 
54 18 37 
84 12 86 
31 7 64 
69 90 29 
82 55 96 
55 16 52 
68 44 13 
50 32 22 
87 50 99 
67 25 49 
1 15 34 
25 59 69 
47 39 93 
4 19 52 
46 35 14 
90 72 84 
43 65 75 
18 87 23 
43 21 88 
75 39 31 
2 55 59 
36 6 60 
84 29 75 
57 74 15 
40 91 50 
93 9 51 
53 13 84 
59 88 97 
20 72 55 
8 66 14 
18 41 93 
77 35 16 
16 93 37 
44 83 56 
78 89 93 
92 75 12 
55 44 13 
0 27 18 
97 14 12 
53 55 91 
56 25 93 
45 32 37 
45 73 54 
26 75 66 
62 93 65 
7 25 68 
52 33 84 
33 17 70 
17 26 27 
6 30 23 
74 64 89 
40 11 92 
49 24 42 
8 13 20 
56 22 87 
47 6 7 
7 46 57 
82 7 97 
10 47 59 
30 81 11 
47 27 52 
70 31 38 
26 3 16 
34 66 89 
16 45 13 
59 83 3 
77 71 93 
74 72 23 
76 45 93 
82 85 10 
54 92 54 
30 21 17 
10 20 24 
83 76 10 
14 24 53 
36 16 81 
24 9 90 
54 2 42 
93 80 41 
30 74 41 
31 93 38 
36 90 51 
92 91 93 
76 66 28 
24 1 31 
77 73 12 
16 21 29 
66 76 0 
99 61 60 
73 9 21 
87 1 31 
67 23 28 
31 13 45 
64 27 72 
98 42 19 
9 25 96 
48 2 40 
11 5 12 
14 32 9 
3 24 92 
18 87 35 
82 41 71 
65 26 42 
3 37 24 
57 65 95 
33 61 22 
53 7 92 
99 87 2 
31 58 3 
88 78 17 
98 35 22 
50 48 33 
64 61 28 
16 40 40 
41 40 38 
49 11 78 
27 57 46 
58 62 91 
30 84 16 
52 33 25 
73 99 99 
79 33 23 
2 79 89 
22 60 15 
32 36 61 
65 90 77 
35 93 58 
32 8 97 
54 42 91 
63 91 48 
2 32 60 
36 37 19 
62 38 68 
80 79 35 
31 18 42 
89 52 92 
3 45 33 
51 10 23 
10 47 29 
47 62 85 
14 88 70 
8 1 29 
8 54 54 
22 52 84 
32 88 4 
23 78 73 
23 22 25 
5 77 85 
3 47 49 
64 70 57 
9 83 20 
45 38 2 
2 57 88 
94 92 40 
16 36 12 
48 15 72 
61 14 20 
53 93 81 
4 21 87 
38 95 98 
22 5 60 
34 57 90 
79 6 24 
34 87 90 
7 49 67 
60 4 33 
19 67 86 
96 21 41 
65 40 27 
45 84 87 
10 22 70 
16 89 68 
22 74 24 
71 21 87 
41 43 86 
39 26 48 
89 52 80 
39 62 77 
6 73 28 
70 46 58 
58 4 51 
17 64 78 
76 2 18 
82 46 98 
85 28 97 
89 12 60 
45 70 7 
2 99 44 
30 96 69 
86 79 47 
23 21 8 
7 2 18 
34 6 7 
96 88 1 
63 14 76 
61 85 87 
35 69 92 
71 33 41 
37 91 15 
35 48 82 
90 87 48 
85 13 86 
31 87 47 
91 71 52 
23 53 36 
30 45 81 
11 12 80 
46 10 87 
1 34 30 
12 55 96 
28 17 44 
70 13 57 
77 82 49 
6 54 31 
25 2 24 
36 96 96 
76 36 26 
10 45 68 
69 71 96 
23 7 86 
76 70 5 
46 63 16 
53 22 34 
95 7 6 
11 7 29 
47 32 18 
6 41 40 
31 22 82 
38 89 10 
50 77 19 
90 90 84 
30 33 1 
14 85 47 
86 22 38 
78 15 99 
50 36 68 
24 91 1 
3 68 72 
91 80 74 
29 0 70 
21 89 55 
50 44 47 
63 42 20 
82 56 29 
78 54 37 
75 37 95 
64 25 32 
42 24 55 
67 93 69 
89 44 63 
43 72 25 
43 91 12 
12 37 46 
67 89 1 
63 79 56 
13 34 22 
85 17 35 
58 66 16 
51 71 78 
24 39 7 
73 57 47 
37 50 61 
29 17 19 
87 37 87 
85 22 78 
74 84 51 
10 1 50 
41 70 74 
38 62 32 
60 61 58 
17 88 0 
64 32 32 
19 75 56 
11 1 4 
80 43 78 
15 51 97 
92 79 22 
31 72 32 
43 41 76 
11 40 74 
62 17 12 
18 42 79 
39 52 97 
81 33 42 
23 23 90 
43 54 8 
7 36 67 
22 43 37 
71 37 3 
52 83 45 
21 72 4 
94 14 13 
74 0 48 
28 10 25 
75 49 38 
73 69 87 
89 28 97 
90 80 99 
15 49 93 
4 3 61 
81 95 7 
12 30 48 
75 88 0 
84 99 92 
8 41 83 
97 15 53 
89 56 19 
77 15 68 
81 44 61 
38 6 72 
57 84 12 
3 57 47 
72 92 66 
64 39 0 
80 91 61 
63 68 64 
54 95 4 
25 61 36 
34 35 77 
69 37 24 
31 42 10 
1 73 47 
6 99 84 
12 12 32 
32 91 57 
13 18 59 
65 72 12 
39 49 37 
16 30 19 
85 49 70 
82 45 44 
49 1 67 
19 97 57 
20 98 88 
83 22 43 
81 4 94 
14 14 83 
96 22 59 
18 72 23 
92 73 41 
91 60 98 
55 13 96 
56 50 36 
51 77 88 
5 87 2 
13 54 3 
19 87 85 
33 81 66 
21 87 19 
9 69 10 
42 86 99 
36 47 12 
99 33 0 
78 18 95 
0 89 94 
4 71 92 
80 0 12 
55 6 45 
63 4 52 
55 18 77 
18 30 38 
55 36 68 
32 81 65 
81 81 27 
94 22 36 
10 32 56 
61 54 22 
27 53 54 
63 16 36 
51 0 46 
84 36 41 
0 75 53 
36 82 72 
69 67 42 
48 11 83 
36 23 51 
53 18 61 
85 28 34 
92 15 9 
30 53 60 
43 94 13 
10 83 18 
89 53 0 
20 93 29 
14 7 59 
35 24 64 
58 70 86 
55 26 37 
70 76 29 
25 39 22 
25 6 17 
43 94 34 
36 83 87 
63 19 74 
80 51 65 
81 67 41 
2 53 88 
84 93 93 
98 59 82 
44 61 49 
34 78 49 
18 72 32 
5 15 94 
17 11 86 
22 32 10 
64 82 57 
16 53 1 
86 72 38 
22 17 89 
86 71 31 
50 98 6 
58 60 86 
45 86 37 
51 92 48 
20 4 80 
75 20 51 
54 16 40 
51 43 53 
76 12 20 
61 55 59 
80 30 37 
32 29 9 
80 99 81 
74 95 0 
18 75 43 
30 68 17 
94 95 71 
75 52 21 
40 74 53 
58 23 8 
73 77 57 
38 39 30 
9 26 23 
76 95 4 
94 61 61 
75 92 42 
21 14 38 
79 19 1 
40 68 0 
52 66 12 
1 53 74 
50 37 25 
45 68 77 
57 49 98 
32 92 63 
89 56 13 
0 0 40 
83 16 40 
1 13 91 
82 11 21 
5 44 74 
62 76 86 
44 79 11 
81 1 18 
57 89 23 
39 46 54 
87 64 57 
37 96 5 
73 50 1 
29 37 90 
98 87 92 
69 36 24 
42 5 73 
25 56 44 
0 57 51 
8 62 13 
97 62 47 
42 59 19 
72 80 15 
1 62 64 
36 31 33 
23 39 96 
71 4 8 
95 38 32 
32 77 89 
7 91 61 
77 81 63 
95 4 79 
35 64 15 
59 64 77 
81 38 49 
0 0 10 
86 92 14 
71 10 23 
93 1 68 
60 65 65 
13 76 12 
56 26 87 
48 72 76 
59 6 36 
38 95 41 
50 43 58 
98 28 65 
49 2 54 
53 48 54 
67 90 84 
30 21 89 
28 6 76 
38 12 20 
50 85 64 
68 94 91 
43 51 24 
8 57 96 
50 86 83 
47 14 63 
7 25 2 
97 4 11 
11 9 62 
99 12 67 
17 74 20 
80 21 5 
3 49 25 
60 61 0 
80 9 65 
38 28 61 
84 1 7 
96 57 88 
63 54 90 
48 84 91 
63 18 70 
13 27 63 
2 68 85 
86 89 67 
50 76 15 
33 18 74 
32 41 0 
13 55 50 
3 85 8 
4 86 62 
36 34 74 
97 8 8 
3 18 80 
84 85 22 
21 53 99 
87 76 91 
57 17 88 
88 65 39 
20 16 60 
32 64 20 
3 82 51 
48 44 30 
80 97 86 
74 69 41 
23 35 31 
65 49 31 
2 4 42 
13 33 85 
14 16 56 
31 28 99 
86 1 46 
79 83 86 
48 49 88 
23 35 79 
74 66 7 
18 49 9 
40 92 82 
36 70 23 
93 20 16 
19 31 50 
72 76 80 
44 11 8 
16 56 9 
27 94 23 
5 59 71 
79 36 87 
88 80 77 
25 45 50 
50 2 8 
77 88 24 
88 53 26 
89 85 48 
36 31 6 
86 17 89 
37 58 41 
4 58 56 
61 65 55 
40 30 84 
12 89 76 
30 15 50 
92 7 82 
31 82 9 
99 26 78 
72 70 90 
88 31 58 
83 23 80 
7 47 66 
28 3 43 
85 26 46 
66 84 34 
10 51 30 
31 90 16 
71 51 89 
79 38 85 
62 81 90 
43 2 27 
41 9 79 
68 31 25 
13 45 75 
33 87 44 
69 77 75 
79 88 91 
69 68 90 
93 46 21 
18 91 75 
34 45 15 
85 49 26 
20 13 57 
95 50 74 
25 43 46 
36 70 48 
22 53 93 
5 20 33 
1 83 73 
30 29 48 
23 88 93 
54 65 50 
60 45 14 
25 70 16 
19 48 35 
1 43 39 
94 95 26 
1 99 35 
5 29 35 
59 58 19 
95 68 69 
11 83 70 
24 85 44 
92 48 86 
56 82 84 
74 61 80 
92 45 30 
47 62 15 
33 71 32 
57 9 74 
31 39 23 
82 28 95 
66 35 33 
16 36 37 
33 38 55 
42 38 62 
5 80 39 
97 14 96 
83 28 85 
63 36 6 
99 51 1 
29 49 21 
41 64 7 
12 40 50 
70 69 83 
20 85 83 
56 78 9 
30 54 2 
94 17 61 
4 8 76 
7 14 39 
80 14 82 
36 99 6 
43 60 30 
78 48 45 
99 86 92 
68 5 5 
10 24 22 
81 23 3 
88 89 72 
57 78 6 
73 72 31 
1 73 85 
5 40 37 
12 63 22 
62 79 40 
61 6 63 
97 85 86 
34 44 75 
55 77 5 
21 11 72 
25 23 24 
26 94 60 
12 76 63 
92 20 49 
49 44 92 
31 59 52 
69 26 0 
84 17 47 
92 93 31 
24 62 42 
15 75 98 
56 31 41 
98 94 29 
34 93 70 
98 32 71 
96 59 43 
84 34 0 
19 75 6 
29 49 62 
92 75 83 
8 57 8 
90 84 15 
65 79 25 
44 75 29 
31 78 8 
95 80 35 
81 76 43 
94 11 62 
95 42 36 
56 40 36 
79 19 70 
73 97 71 
10 43 73 
56 85 73 
87 68 68 
33 37 88 
71 81 37 
45 96 31 
36 58 83 
28 66 78 
33 96 50 
21 94 11 
74 74 88 
92 13 7 
26 71 33 
2 40 67 
66 40 17 
30 50 74 
71 29 48 
17 2 25 
38 76 20 
45 13 7 
31 9 89 
61 46 15 
9 72 70 
78 72 8 
58 95 27 
23 11 27 
23 13 18 
97 91 43 
68 22 53 
91 2 56 
97 24 83 
97 63 42 
86 39 10 
45 37 67 
28 45 12 
73 91 38 
99 3 3 
17 39 98 
11 98 98 
59 78 86 
19 40 88 
75 86 42 
86 20 88 
6 70 21 
48 15 66 
43 53 62 
17 49 92 
84 50 76 
62 72 31 
68 59 75 
12 90 20 
37 80 42 
53 39 9 
40 41 56 
31 18 95 
93 97 95 
96 68 85 
13 9 60 
28 8 45 
0 69 3 
84 97 53 
14 5 35 
7 8 24 
86 79 70 
39 4 61 
73 41 85 
56 63 78 
53 13 73 
29 3 15 
10 65 10 
6 68 54 
63 50 3 
37 41 77 
91 78 79 
20 98 64 
65 83 63 
58 33 60 
14 25 35 
48 83 84 
59 86 20 
38 80 70 
68 32 50 
5 18 6 
37 38 43 
11 14 93 
60 13 59 
75 89 68 
35 2 66 
90 4 53 
34 38 4 
12 54 16 
34 17 45 
43 83 24 
96 61 19 
51 96 98 
3 36 13 
73 53 71 
22 14 16 
48 20 88 
75 83 97 
51 32 15 
85 29 2 
97 73 45 
13 68 89 
46 22 45 
19 27 12 
94 24 99 
25 11 50 
45 68 40 
46 45 99 
68 44 34 
36 28 40 
86 54 86 
22 53 9 
6 26 5 
24 90 61 
36 9 0 
51 14 37 
5 8 2 
20 54 35 
37 60 22 
44 32 70 
11 68 95 
17 26 58 
86 78 48 
54 86 29 
23 86 86 
60 8 8 
57 95 74 
92 38 49 
27 64 5 
2 33 88 
87 92 67 
55 75 11 
80 83 89 
56 94 88 
9 20 20 
23 83 77 
84 41 70 
42 14 92 
12 41 85 
60 21 55 
83 33 83 
64 63 16 
51 8 30 
32 56 88 
74 25 28 
41 18 21 
63 97 78 
61 88 3 
65 97 86 
26 12 51 
45 71 64 
89 52 8 
87 27 88 
91 68 88 
54 40 35 
19 45 43 
58 77 39 
61 93 92 
19 99 19 
57 10 68 
74 77 99 
7 84 91 
50 12 40 
38 59 97 
98 33 6 
18 79 43 
91 20 6 
32 26 69 
86 40 47 
32 82 53 
13 35 1 
73 90 13 
20 94 43 
47 6 25 
13 59 15 
44 62 79 
19 12 80 
49 38 3 
0 88 87 
69 6 8 
26 60 19 
13 10 72 
92 24 3 
79 94 53 
40 97 75 
26 15 49 
52 97 32 
60 73 78 
10 15 47 
56 82 24 
7 9 87 
33 71 81 
38 29 55 
96 89 9 
55 51 78 
61 81 55 
2 33 17 
59 59 54 
18 2 98 
51 75 57 
88 63 13 
85 73 24 
10 41 31 
45 44 42 
30 54 25 
71 28 93 
34 31 37 
19 98 87 
64 55 87 
6 33 45 
69 3 43 
48 3 96 
70 60 62 
47 92 52 
87 73 12 
74 13 54 
90 49 86 
99 4 68 
52 57 79 
92 34 72 
78 34 84 
86 54 0 
45 80 28 
19 50 5 
89 37 4 
37 66 60 
0 41 58 
17 37 23 
47 36 50 
98 24 70 
87 16 19 
45 62 65 
77 9 64 
73 19 97 
31 25 87 
67 42 56 
29 2 43 
35 29 88 
60 47 37 
73 33 41 
26 74 92 
49 93 37 
44 46 88 
18 54 95 
95 68 40 
44 72 39 
25 58 61 
37 22 47 
57 20 99 
86 62 23 
43 82 18 
25 19 27 
41 70 43 
46 54 33 
47 19 42 
28 18 45 
5 58 99 
3 89 94 
91 30 38 
68 3 80 
52 17 20 
58 99 30 
64 38 41 
54 77 2 
89 67 60 
64 57 85 
22 43 38 
56 21 7 
8 20 11 
73 12 69 
43 56 62 
12 18 57 
96 53 41 
70 19 41 
13 63 43 
38 49 9 
87 41 88 
30 10 56 
93 2 19 
29 19 66 
14 37 38 
40 31 47 
78 81 62 
42 71 25 
36 92 64 
46 62 66 
94 52 42 
25 75 8 
83 84 8 
55 88 11 
52 29 41 
79 20 29 
98 51 14 
62 92 58 
12 48 62 
37 28 67 
76 53 24 
44 2 78 
3 21 2 
76 3 96 
5 68 27 
17 41 74 
90 48 45 
74 84 35 
52 42 21 
99 76 7 
69 14 72 
97 40 8 
11 4 29 
14 72 82 
68 68 57 
40 69 95 
82 41 6 
92 38 35 
95 68 35 
76 27 92 
49 44 28 
53 82 56 
31 51 97 
28 37 62 
49 60 88 
32 78 38 
96 64 44 
58 24 95 
90 56 93 
28 36 15 
57 63 27 
79 31 28 
23 9 4 
91 94 55 
50 90 13 
81 35 30 
49 28 84 
27 34 73 
41 84 56 
3 48 71 
46 57 49 
37 46 0 
43 11 30 
21 46 68 
84 57 17 
25 67 21 
93 95 57 
94 58 42 
90 44 66 
4 1 17 
83 31 89 
24 40 80 
11 38 30 
87 1 99 
33 6 25 
7 8 72 
5 64 92 
66 69 23 
61 69 66 
84 54 45 
1 71 36 
84 68 39 
8 2 30 
96 59 72 
34 84 15 
87 21 9 
20 75 57 
30 61 65 
82 18 39 
7 52 69 
1 18 2 
22 4 82 
2 15 89 
64 17 80 
69 14 78 
91 53 65 
32 86 21 
99 74 58 
53 9 43 
74 38 53 
20 4 59 
16 35 75 
65 61 5 
77 16 94 
57 83 9 
11 21 34 
64 46 11 
17 91 41 
72 56 65 
36 23 27 
7 8 48 
77 11 45 
92 5 89 
53 51 16 
22 44 44 
29 2 66 
14 15 97 
29 85 96 
56 64 0 
49 45 41 
9 74 9 
17 13 10 
24 72 48 
51 63 78 
48 51 20 
41 92 1 
49 79 65 
89 41 9 
17 24 30 
31 83 6 
33 53 86 
67 72 42 
11 42 30 
92 51 97 
15 87 34 
40 21 83 
24 79 41 
70 41 98 
5 90 85 
8 52 76 
18 65 18 
90 70 29 
90 66 6 
15 61 7 
48 29 50 
87 2 28 
88 15 83 
33 55 67 
59 29 14 
77 22 21 
6 69 7 
82 63 19 
95 60 84 
76 53 98 
1 77 80 
99 11 5 
77 71 61 
39 66 20 
92 64 20 
89 89 43 
92 39 46 
15 20 57 
82 1 55 
50 58 50 
96 33 53 
6 68 94 
97 4 54 
42 60 59 
99 8 32 
49 59 12 
99 85 76 
81 4 27 
20 95 72 
13 97 61 
22 30 41 
51 62 70 
5 34 17 
33 53 42 
15 79 16 
8 34 47 
29 68 32 
22 19 48 
74 72 62 
81 63 36 
11 51 85 
15 84 3 
51 82 50 
33 92 64 
18 30 79 
19 70 48 
82 91 22 
12 38 20 
50 26 67 
83 70 17 
18 25 75 
33 62 20 
67 52 73 
63 72 23 
34 88 81 
38 50 28 
29 22 48 
41 51 36 
80 39 10 
53 55 78 
62 53 81 
59 32 27 
4 26 6 
21 23 12 
94 62 90 
63 38 89 
13 85 50 
17 6 70 
55 62 5 
95 2 53 
61 23 67 
41 92 42 
81 49 92 
42 77 87 
64 97 92 
6 16 37 
86 23 7 
69 82 66 
60 82 22 
62 5 87 
86 14 32 
93 37 23 
83 9 97 
3 4 21 
42 54 77 
29 42 1 
71 82 34 
11 15 22 
66 57 8 
74 24 28 
78 16 70 
96 84 2 
42 97 92 
68 42 37 
85 17 61 
82 83 60 
69 76 11 
63 65 75 
24 32 74 
56 20 50 
71 80 51 
92 98 25 
55 82 96 
61 75 6 
25 98 37 
77 47 42 
65 74 30 
35 55 8 
77 86 48 
70 22 49 
98 14 1 
26 98 92 
97 25 39 
36 33 33 
22 85 80 
14 63 30 
19 36 68 
31 38 67 
46 22 76 
13 81 13 
79 13 36 
43 24 36 
54 65 94 
54 85 52 
67 75 84 
49 37 5 
86 94 58 
4 47 71 
79 91 60 
55 12 0 
56 7 96 
94 42 18 
54 44 90 
8 23 57 
62 32 63 
66 86 37 
68 74 44 
70 53 6 
38 50 64 
31 53 42 
10 59 3 
42 7 16 
95 78 32 
22 79 71 
18 47 53 
13 16 33 
52 0 33 
57 25 63 
47 32 22 
78 28 88 
50 60 72 
7 85 14 
63 80 49 
7 17 76 
22 32 50 
92 74 16 
16 2 31 
6 88 64 
65 90 68 
38 64 1 
2 29 13 
3 93 65 
48 11 3 
52 74 79 
55 16 86 
44 69 10 
91 90 34 
5 35 23 
72 37 96 
80 84 24 
35 27 86 
3 63 67 
51 78 68 
43 41 14 
53 73 72 
35 15 36 
74 17 85 
24 45 88 
83 21 98 
82 61 50 
79 80 42 
32 38 9 
82 62 74 
87 3 17 
73 24 4 
44 74 90 
60 1 53 
81 70 94 
86 2 50 
32 57 12 
1 44 68 
14 76 36 
88 44 71 
15 38 65 
54 14 48 
89 1 29 
22 71 30 
36 28 89 
0 15 22 
35 14 53 
77 39 2 
26 1 35 
79 18 56 
17 3 19 
33 19 29 
9 36 68 
92 59 1 
95 39 49 
10 44 39 
98 24 99 
49 10 24 
37 32 16 
18 76 27 
77 74 29 
2 78 38 
23 47 81 
60 83 84 
0 64 20 
72 42 70 
46 37 69 
56 1 98 
60 40 87 
66 6 30 
73 17 99 
85 10 5 
98 21 77 
56 79 40 
17 54 78 
25 73 81 
68 50 4 
93 87 78 
75 84 57 
41 60 0 
57 73 53 
77 65 84 
70 1 79 
25 60 54 
72 48 42 
99 54 96 
50 85 93 
33 53 62 
26 17 15 
37 53 82 
13 66 67 
30 35 40 
60 63 7 
95 12 45 
28 26 31 
41 21 19 
66 21 66 
45 27 8 
54 52 67 
51 32 3 
1 61 36 
44 27 8 
19 79 71 
51 47 67 
93 54 51 
90 69 44 
59 73 87 
19 21 90 
76 41 50 
89 52 41 
15 72 52 
8 97 61 
20 17 69 
31 81 73 
36 80 94 
67 89 10 
57 33 15 
34 94 45 
82 95 63 
20 83 43 
28 80 87 
83 87 54 
19 56 82 
11 27 99 
12 42 72 
83 63 79 
1 23 7 
97 31 54 
31 80 12 
51 45 52 
13 37 18 
44 50 59 
54 2 25 
98 17 17 
17 75 38 
48 54 17 
54 66 40 
93 86 70 
77 2 83 
63 59 60 
92 59 61 
94 23 16 
63 80 12 
71 7 58 
86 77 30 
97 27 47 
93 19 3 
51 9 69 
81 79 53 
0 63 99 
37 98 90 
98 39 41 
44 92 29 
84 0 41 
59 93 61 
77 72 84 
65 12 59 
38 47 75 
75 12 92 
9 53 65 
56 99 80 
19 20 67 
37 88 2 
0 92 42 
73 21 16 
9 5 8 
40 14 46 
38 55 56 
89 39 87 
82 0 3 
4 20 89 
71 61 2 
67 31 82 
80 40 85 
67 18 18 
13 67 38 
63 52 59 
58 27 3 
97 64 79 
74 53 93 
21 92 27 
71 35 29 
3 93 45 
94 22 99 
94 4 91 
81 44 16 
26 78 70 
44 8 69 
79 5 42 
55 10 91 
40 59 55 
96 49 38 
40 73 33 
40 78 52 
24 14 78 
70 41 96 
14 19 21 
95 62 22 
18 17 95 
46 46 30 
43 98 47 
42 45 33 
61 44 39 
12 20 68 
28 20 98 
14 96 72 
93 17 29 
73 42 31 
84 57 74 
71 44 93 
94 39 29 
85 75 50 
30 18 90 
45 35 9 
93 89 11 
90 50 89 
28 95 94 
59 78 90 
4 62 89 
8 38 11 
60 10 11 
50 6 82 
16 43 6 
79 0 83 
90 84 98 
51 73 39 
33 68 68 
48 58 75 
15 62 34 
22 83 97 
92 60 63 
15 26 13 
53 68 86 
19 77 58 
22 92 88 
49 65 30 
96 83 0 
40 37 41 
54 75 37 
14 93 44 
40 92 29 
23 63 35 
73 44 57 
23 0 17 
5 4 98 
27 6 78 
8 83 20 
93 75 91 
13 90 3 
66 36 71 
80 75 17 
57 61 66 
91 28 61 
14 62 18 
70 86 41 
70 57 33 
58 14 24 
79 97 81 
82 12 16 
23 11 5 
71 64 55 
50 82 22 
75 76 13 
34 47 26 
89 35 57 
15 42 53 
22 34 61 
21 20 55 
99 93 16 
3 38 53 
61 70 56 
34 25 14 
63 30 54 
89 38 45 
21 50 42 
2 52 78 
4 58 0 
37 69 53 
16 83 39 
90 32 12 
4000 3
9 1 47 
80 36 32 
3 31 25 
1 47 91 
79 28 60 
27 52 29 
44 46 93 
59 45 16 
14 9 55 
28 40 82 
45 47 91 
76 25 90 
30 21 57 
32 10 55 
33 78 75 
47 49 41 
67 56 75 
64 52 81 
25 28 77 
62 83 51 
27 16 92 
15 60 78 
79 9 45 
50 56 39 
29 82 72 
99 32 22 
79 27 82 
17 64 86 
18 66 38 
45 13 37 
54 50 74 
28 86 83 
35 72 90 
78 99 48 
13 51 54 
24 32 43 
78 17 97 
63 28 27 
46 32 0 
39 45 13 
46 92 69 
72 58 27 
43 13 60 
98 13 52 
47 95 14 
99 20 38 
29 90 96 
99 1 92 
93 98 27 
39 8 82 
56 35 57 
22 64 17 
57 17 92 
74 15 41 
5 57 55 
66 8 68 
91 25 32 
42 56 56 
63 85 91 
82 42 77 
28 69 67 
61 3 76 
42 43 5 
63 80 69 
89 77 54 
87 44 37 
67 73 85 
37 82 13 
32 68 43 
18 1 13 
0 88 90 
14 7 5 
65 2 89 
43 32 76 
84 81 14 
46 32 14 
28 55 13 
34 21 17 
83 99 57 
15 34 98 
34 80 52 
85 50 73 
65 96 0 
75 24 11 
54 85 3 
28 79 14 
90 84 52 
54 11 59 
24 75 70 
56 84 20 
43 6 98 
71 16 54 
33 4 53 
83 91 4 
20 69 52 
45 42 40 
41 26 53 
53 96 39 
98 14 99 
13 42 52 
37 79 51 
92 4 80 
72 64 27 
42 13 98 
73 67 23 
75 35 12 
68 47 30 
95 29 65 
12 56 44 
22 41 13 
41 54 22 
22 17 24 
79 90 27 
78 69 56 
38 62 12 
48 83 50 
30 50 5 
42 68 89 
53 5 8 
70 92 81 
53 43 27 
76 30 8 
30 30 22 
68 24 78 
3 1 2 
98 11 47 
80 90 59 
88 36 85 
40 59 21 
90 7 43 
99 82 39 
26 62 90 
96 90 8 
57 55 10 
56 95 78 
41 63 34 
18 26 32 
79 0 77 
93 78 69 
56 94 69 
40 0 50 
17 42 93 
16 20 5 
29 67 98 
9 71 27 
44 12 35 
99 80 67 
71 72 86 
33 89 88 
88 60 52 
47 9 18 
86 52 17 
12 68 20 
34 45 67 
73 61 63 
50 17 60 
54 60 2 
29 78 75 
32 74 76 
35 62 31 
97 40 93 
33 23 83 
49 29 6 
66 66 45 
52 52 52 
7 3 44 
85 89 92 
34 40 23 
82 60 92 
7 11 60 
42 50 83 
83 52 69 
95 30 32 
66 31 54 
64 63 20 
17 90 70 
83 52 95 
10 4 55 
41 21 99 
21 48 95 
12 7 64 
43 97 21 
60 95 11 
84 95 31 
98 66 17 
45 3 61 
42 36 51 
10 93 97 
53 16 81 
41 14 9 
74 23 77 
26 81 63 
21 2 90 
9 46 45 
1 59 93 
60 43 83 
40 98 64 
0 73 33 
60 32 99 
96 87 32 
63 96 17 
29 47 60 
13 28 82 
35 66 84 
84 62 10 
40 76 0 
55 94 71 
61 54 52 
65 71 92 
3 42 59 
49 76 86 
85 19 68 
13 10 61 
21 85 53 
50 58 21 
27 43 45 
45 46 64 
81 81 85 
53 44 96 
1 24 14 
92 54 7 
30 22 96 
50 22 38 
18 62 72 
7 90 46 
66 42 56 
54 12 14 
11 79 74 
68 1 21 
59 49 52 
15 92 17 
87 8 4 
64 43 81 
70 38 77 
93 98 90 
5 75 36 
7 97 63 
35 23 29 
55 76 68 
3 18 43 
70 51 69 
54 19 52 
12 92 92 
41 69 9 
91 12 31 
30 57 10 
35 25 30 
23 57 78 
11 66 85 
50 50 72 
78 80 22 
15 14 57 
62 33 9 
20 11 53 
32 83 8 
87 3 52 
38 89 60 
67 68 7 
86 12 55 
63 73 64 
66 81 16 
64 93 67 
18 19 48 
33 21 50 
48 6 80 
34 65 5 
10 97 34 
69 75 45 
67 4 15 
85 91 27 
12 21 21 
40 24 51 
75 48 23 
58 66 94 
23 8 27 
20 7 46 
65 52 48 
51 5 12 
50 74 90 
44 30 87 
75 59 46 
86 54 71 
12 8 30 
42 25 14 
9 25 3 
24 81 2 
43 48 98 
88 92 38 
55 1 11 
72 63 0 
90 20 89 
21 26 76 
42 53 73 
60 52 21 
45 47 99 
0 0 17 
84 8 27 
72 87 82 
25 19 53 
86 50 22 
99 4 71 
55 82 30 
12 98 65 
39 33 45 
26 83 83 
15 50 51 
96 87 52 
47 48 59 
60 4 71 
56 51 56 
31 36 81 
32 77 5 
85 95 69 
15 78 15 
21 94 50 
13 34 93 
97 57 70 
91 7 55 
33 64 12 
20 57 55 
36 79 56 
90 43 44 
45 37 81 
87 45 84 
17 17 96 
50 77 85 
69 52 4 
64 85 9 
39 89 86 
6 51 0 
40 9 81 
45 20 39 
19 26 10 
75 83 16 
97 86 92 
51 98 2 
62 78 97 
87 60 25 
92 80 0 
60 88 45 
71 43 51 
19 67 66 
13 92 98 
37 41 82 
60 7 98 
59 67 99 
85 44 39 
28 72 94 
79 45 76 
36 30 44 
56 78 11 
58 26 69 
34 40 4 
41 9 71 
92 77 71 
98 19 74 
69 90 65 
76 93 26 
14 98 76 
93 49 77 
0 43 48 
83 12 79 
22 80 65 
58 14 92 
54 6 9 
91 21 98 
56 68 63 
8 79 87 
53 21 94 
22 49 5 
73 60 40 
27 89 25 
35 54 49 
77 50 74 
90 72 71 
67 99 76 
32 71 82 
91 60 37 
28 46 79 
35 60 73 
92 83 0 
80 37 98 
97 75 14 
12 62 76 
37 44 56 
72 54 89 
24 53 42 
20 77 1 
37 42 81 
56 59 84 
94 1 57 
67 95 93 
60 33 3 
58 82 82 
0 29 25 
75 58 93 
23 47 21 
65 63 16 
23 10 20 
64 16 18 
85 18 25 
8 11 8 
34 14 36 
19 49 49 
87 85 0 
0 70 23 
78 39 51 
89 38 9 
53 39 33 
38 68 22 
12 93 5 
90 90 59 
66 27 78 
89 0 89 
44 48 62 
5 14 59 
48 55 78 
34 89 74 
42 69 74 
54 96 55 
59 81 82 
90 49 11 
34 54 7 
27 83 93 
34 66 29 
69 80 98 
61 93 18 
78 45 25 
17 65 97 
53 20 85 
15 64 79 
95 93 37 
7 92 47 
29 67 45 
64 61 78 
30 18 65 
67 57 91 
12 46 83 
47 89 59 
15 7 46 
51 88 65 
37 43 24 
60 93 89 
37 57 68 
49 97 39 
15 4 46 
55 72 10 
8 41 85 
66 37 58 
28 57 24 
83 42 45 
25 99 76 
55 8 21 
48 21 10 
2 97 49 
23 38 15 
28 89 11 
76 83 82 
45 85 38 
36 1 86 
53 76 91 
84 27 52 
40 71 17 
6 58 47 
67 92 76 
5 3 81 
50 92 51 
45 25 99 
11 62 62 
23 6 25 
58 22 58 
68 87 5 
58 48 31 
77 36 61 
54 49 58 
89 84 72 
91 85 4 
27 27 80 
24 79 36 
6 74 17 
38 81 88 
14 37 15 
87 1 92 
33 21 58 
17 77 50 
29 19 26 
84 91 6 
21 39 52 
67 56 40 
50 88 17 
91 59 82 
74 19 68 
25 5 4 
89 48 75 
68 72 70 
51 11 44 
71 60 43 
85 86 73 
21 44 48 
49 42 3 
92 81 55 
27 21 56 
97 40 53 
65 78 61 
11 35 20 
58 70 38 
85 54 30 
19 87 34 
97 85 28 
32 0 72 
49 42 67 
38 71 80 
52 75 52 
33 89 95 
24 10 91 
35 99 24 
56 54 65 
71 31 32 
35 14 10 
34 34 1 
61 78 76 
76 84 85 
32 95 32 
51 4 24 
42 74 61 
58 86 23 
91 52 45 
93 15 19 
20 5 34 
51 80 60 
36 58 75 
52 8 34 
62 32 35 
59 75 96 
6 94 96 
68 75 40 
84 41 45 
87 15 45 
99 95 85 
27 82 13 
74 46 52 
83 45 58 
27 60 19 
65 76 21 
55 82 25 
74 40 7 
86 35 31 
66 51 66 
46 63 11 
72 46 1 
13 78 36 
4 95 61 
15 91 12 
18 19 87 
10 7 50 
77 86 30 
57 23 65 
34 68 38 
14 62 24 
84 3 62 
91 64 20 
75 5 46 
4 9 52 
89 3 26 
41 37 11 
46 17 15 
30 76 56 
59 54 85 
68 45 16 
20 86 18 
71 79 57 
71 55 83 
94 22 95 
55 15 16 
58 93 66 
57 56 17 
0 49 53 
96 97 12 
21 46 32 
45 0 67 
80 25 28 
5 58 21 
85 83 80 
92 6 55 
58 68 15 
71 74 63 
16 78 72 
26 75 88 
98 89 71 
70 13 52 
56 22 92 
2 50 15 
92 2 16 
41 33 46 
62 90 9 
10 44 62 
16 31 56 
14 63 84 
29 84 31 
17 91 52 
11 62 59 
9 5 74 
19 54 61 
8 14 45 
54 49 62 
66 12 30 
51 69 62 
52 82 20 
99 41 33 
44 55 80 
3 34 28 
97 57 25 
95 92 8 
34 45 35 
39 64 78 
79 21 16 
21 48 79 
56 22 37 
57 19 47 
63 37 59 
88 1 61 
81 91 13 
80 97 55 
56 81 78 
25 33 78 
64 38 81 
4 55 38 
85 11 70 
75 63 32 
50 60 7 
34 39 23 
15 85 5 
25 40 33 
98 53 54 
39 25 29 
83 55 73 
10 34 39 
21 71 23 
73 53 9 
79 12 3 
68 42 45 
54 68 89 
79 78 35 
13 4 37 
47 57 63 
45 55 82 
27 38 4 
96 12 14 
99 41 18 
84 86 71 
21 6 59 
84 82 14 
61 38 1 
58 76 61 
64 27 89 
22 53 88 
31 24 77 
60 97 9 
95 65 5 
80 21 59 
52 34 5 
86 36 82 
62 16 57 
97 66 95 
90 59 93 
89 80 91 
53 52 66 
34 86 76 
70 99 58 
34 52 9 
17 76 64 
71 24 42 
98 22 68 
26 97 22 
32 56 83 
24 53 9 
12 21 28 
9 45 16 
90 15 86 
93 70 33 
39 87 66 
81 85 16 
97 82 62 
36 50 47 
25 24 86 
85 46 32 
5 9 7 
18 82 98 
86 88 11 
36 76 38 
29 86 8 
87 66 83 
64 21 30 
23 44 36 
86 42 9 
95 90 41 
25 12 51 
7 12 89 
29 63 69 
93 82 57 
13 26 43 
40 0 77 
81 92 28 
25 81 12 
92 78 24 
99 52 98 
15 83 30 
80 57 63 
77 83 33 
17 25 8 
23 69 15 
50 86 84 
46 21 73 
80 57 11 
25 29 19 
90 11 98 
71 57 75 
50 12 81 
39 77 61 
51 14 58 
7 22 4 
61 63 79 
7 82 14 
12 83 93 
81 86 67 
60 62 48 
9 74 15 
22 99 66 
83 78 62 
30 36 99 
45 89 87 
40 9 24 
22 57 61 
98 44 46 
7 39 70 
50 64 53 
44 88 5 
65 39 8 
62 87 8 
99 59 45 
85 58 70 
15 74 96 
73 92 8 
67 9 71 
21 46 75 
80 97 70 
26 98 22 
27 44 58 
2 55 42 
95 30 27 
17 5 31 
9 78 87 
29 24 49 
87 77 1 
81 16 72 
64 46 41 
94 82 48 
58 80 99 
96 25 54 
13 70 42 
32 49 26 
48 94 5 
73 36 36 
84 35 95 
42 63 4 
94 81 47 
92 11 64 
99 7 38 
19 50 64 
50 58 53 
54 24 71 
78 52 51 
81 27 23 
67 46 90 
59 70 87 
39 24 34 
97 7 15 
62 61 69 
37 94 69 
54 95 59 
49 95 40 
28 92 20 
36 7 51 
69 61 65 
73 75 53 
81 91 22 
98 96 20 
46 38 53 
52 58 55 
88 97 84 
91 52 80 
43 44 93 
35 26 96 
84 33 32 
79 75 17 
17 56 66 
61 97 50 
47 91 16 
38 76 60 
84 91 59 
54 60 59 
74 26 95 
87 34 33 
89 55 69 
88 2 97 
96 95 9 
83 24 96 
82 61 85 
84 27 96 
73 8 91 
34 65 56 
2 66 88 
6 36 86 
67 6 70 
76 82 74 
57 89 33 
81 50 45 
51 13 3 
96 7 82 
42 73 26 
96 68 93 
73 95 57 
13 42 26 
75 37 58 
13 47 33 
52 47 95 
82 64 47 
69 95 82 
88 88 32 
84 40 78 
61 35 10 
91 84 0 
65 3 86 
26 60 10 
35 54 75 
28 60 15 
51 13 33 
75 46 1 
71 59 58 
8 61 83 
68 76 35 
92 78 40 
15 84 80 
67 64 40 
72 91 30 
78 27 85 
39 73 91 
23 99 16 
61 33 65 
17 31 77 
99 9 40 
26 36 3 
24 47 64 
29 94 84 
24 6 28 
41 41 22 
33 52 33 
76 95 87 
78 47 37 
83 49 45 
6 75 91 
66 51 57 
67 10 41 
51 56 71 
57 79 39 
77 73 36 
47 57 13 
97 35 53 
25 63 98 
68 63 71 
16 60 64 
27 42 76 
33 44 59 
44 90 17 
55 93 95 
59 21 89 
92 99 57 
74 25 30 
20 56 93 
84 10 28 
41 87 98 
16 21 25 
68 24 54 
22 46 89 
11 62 43 
11 43 41 
6 47 62 
47 15 66 
63 17 14 
69 10 62 
20 8 13 
49 90 98 
96 76 19 
13 11 52 
82 23 12 
65 84 21 
40 6 1 
39 67 56 
74 23 47 
71 50 99 
52 2 48 
76 60 23 
97 95 21 
84 16 62 
50 23 52 
61 84 45 
64 48 0 
72 97 66 
79 38 47 
56 70 5 
46 22 76 
63 1 55 
68 58 71 
33 50 81 
39 17 47 
7 41 33 
85 86 65 
43 8 18 
66 3 85 
68 97 59 
31 28 80 
96 3 87 
29 34 47 
95 92 46 
50 74 76 
26 26 41 
88 60 7 
40 18 51 
70 0 96 
44 20 14 
21 25 65 
32 71 44 
8 9 18 
25 81 75 
45 17 85 
62 51 16 
60 87 77 
82 61 99 
51 82 22 
75 10 71 
53 48 45 
6 30 54 
48 70 75 
68 4 17 
94 14 87 
71 94 70 
48 58 78 
29 92 83 
19 56 86 
66 38 96 
75 22 78 
27 23 25 
39 46 54 
29 71 21 
22 56 49 
78 45 84 
62 84 73 
30 30 13 
84 0 22 
8 1 62 
86 44 68 
90 28 31 
43 95 2 
83 72 44 
32 42 56 
94 6 15 
71 86 34 
40 47 43 
12 22 56 
21 32 99 
25 57 35 
20 4 5 
6 10 23 
98 72 86 
99 82 11 
39 42 35 
38 75 76 
72 31 93 
81 88 5 
44 19 7 
90 57 74 
56 0 1 
29 59 9 
0 16 39 
83 15 12 
90 96 68 
46 99 91 
18 20 76 
47 48 95 
54 27 30 
27 43 92 
85 0 99 
59 28 77 
1 20 67 
71 22 67 
42 14 11 
85 26 17 
87 17 34 
52 58 42 
10 95 33 
75 90 12 
52 95 84 
70 7 56 
46 76 51 
27 86 0 
10 26 55 
15 41 26 
64 43 38 
62 89 39 
22 4 30 
43 91 64 
96 71 70 
93 47 83 
90 41 99 
44 76 68 
73 8 3 
10 78 91 
63 69 85 
11 29 47 
89 81 20 
43 6 12 
18 11 28 
89 15 39 
21 68 16 
15 27 20 
45 32 21 
5 41 38 
84 14 8 
47 16 87 
4 12 81 
43 40 81 
65 42 15 
15 3 96 
86 99 11 
83 47 50 
86 98 43 
87 7 14 
68 84 25 
7 75 9 
81 63 85 
75 16 26 
21 97 95 
46 18 69 
69 13 8 
15 68 32 
92 60 17 
81 8 72 
59 7 36 
88 17 49 
43 34 7 
37 27 57 
51 75 85 
72 54 35 
21 60 86 
19 48 7 
45 92 93 
59 71 62 
17 89 41 
70 62 99 
67 41 75 
22 43 66 
56 94 89 
24 2 10 
22 47 7 
68 42 39 
98 98 67 
83 99 39 
99 44 24 
87 63 95 
70 87 89 
2 65 40 
47 56 60 
94 59 99 
5 2 94 
21 79 96 
7 29 80 
76 43 44 
58 20 44 
17 9 28 
16 32 96 
68 77 1 
32 95 1 
21 32 70 
55 16 15 
79 84 21 
28 94 61 
66 46 7 
80 45 29 
71 40 47 
31 89 72 
14 41 22 
40 50 94 
27 85 37 
44 27 23 
66 90 54 
75 10 30 
72 78 32 
98 85 70 
5 78 10 
75 60 65 
40 48 19 
79 45 78 
93 19 76 
89 40 86 
54 12 65 
19 80 14 
97 76 79 
96 51 14 
71 81 45 
32 86 52 
15 68 54 
44 37 16 
52 20 10 
2 62 73 
33 83 80 
29 95 21 
69 95 4 
60 57 6 
42 67 78 
41 56 73 
39 75 66 
35 48 18 
62 76 24 
69 32 45 
0 58 39 
16 24 9 
52 88 28 
94 71 41 
10 28 15 
84 34 36 
66 22 14 
37 22 99 
17 31 55 
90 34 39 
62 26 62 
34 58 47 
99 90 96 
3 40 49 
17 0 90 
11 1 69 
75 26 93 
69 20 47 
22 77 32 
64 73 25 
79 30 8 
82 24 52 
76 96 45 
33 98 9 
41 99 45 
32 97 16 
85 68 86 
92 6 87 
35 89 0 
41 17 27 
23 43 81 
62 22 91 
49 43 13 
82 91 60 
83 25 75 
20 98 35 
34 84 76 
4 54 3 
93 50 53 
97 95 86 
74 13 29 
55 43 57 
16 51 48 
38 87 7 
4 27 86 
79 50 82 
46 13 75 
98 69 22 
49 44 32 
28 95 59 
28 31 56 
69 56 87 
19 34 11 
51 5 80 
91 47 45 
89 56 10 
34 91 15 
9 98 37 
84 81 78 
59 54 51 
69 65 14 
23 96 91 
91 25 4 
28 64 83 
84 42 61 
67 76 7 
62 83 18 
83 56 48 
42 81 68 
53 18 49 
71 59 76 
41 33 37 
84 48 72 
27 94 74 
45 56 36 
43 2 50 
26 33 73 
27 74 67 
23 32 53 
72 83 2 
79 13 45 
32 79 73 
73 47 62 
3 51 70 
15 82 36 
22 4 77 
80 46 52 
7 99 85 
52 74 99 
1 4 76 
20 62 95 
54 82 96 
48 80 41 
8 27 1 
8 92 19 
99 22 93 
73 20 48 
26 88 77 
3 3 92 
17 8 69 
23 44 38 
27 46 98 
36 55 9 
45 69 22 
91 69 34 
68 72 58 
57 14 82 
37 33 88 
27 54 26 
21 75 35 
18 40 42 
94 1 69 
9 89 34 
39 66 95 
16 97 30 
17 11 61 
39 73 83 
1 75 64 
91 27 93 
88 25 8 
88 17 57 
22 58 78 
21 83 5 
62 17 14 
0 83 46 
98 10 50 
39 76 94 
43 87 13 
71 23 96 
53 98 6 
23 53 27 
58 91 29 
21 74 46 
92 58 77 
5 38 77 
94 44 74 
10 15 45 
83 78 70 
44 23 89 
76 99 22 
19 59 57 
8 42 67 
67 49 33 
93 4 1 
32 23 64 
97 85 44 
5 14 58 
94 64 27 
15 40 31 
41 23 99 
2 75 1 
4 24 38 
46 63 80 
22 75 67 
4 47 1 
91 88 53 
82 53 38 
48 41 61 
74 19 75 
62 27 34 
96 13 71 
94 82 4 
98 16 38 
78 48 51 
20 1 4 
11 70 85 
58 8 9 
84 58 83 
23 95 19 
17 81 54 
32 75 38 
30 85 15 
31 79 66 
87 39 31 
17 24 28 
60 24 50 
64 81 76 
99 32 16 
13 65 24 
49 73 27 
56 12 50 
46 73 56 
30 43 93 
69 63 21 
38 66 76 
38 65 13 
90 85 39 
5 1 29 
43 35 16 
72 71 96 
75 24 88 
77 39 64 
15 53 70 
44 67 7 
29 23 52 
83 51 93 
1 55 47 
26 37 56 
56 24 94 
67 10 25 
81 86 9 
42 7 64 
93 73 18 
22 64 6 
1 65 29 
26 29 86 
52 67 90 
37 2 14 
5 70 20 
4 80 32 
37 34 94 
50 75 95 
73 14 31 
6 3 17 
55 37 3 
10 99 39 
83 98 60 
58 62 49 
78 91 99 
55 89 3 
59 38 80 
21 17 17 
8 50 26 
70 41 37 
51 89 17 
99 56 32 
91 83 91 
28 0 22 
47 20 12 
70 52 34 
55 10 98 
1 12 66 
24 47 56 
5 8 92 
12 16 40 
37 66 49 
2 55 73 
15 74 37 
4 71 49 
29 80 4 
62 79 28 
27 97 34 
22 72 19 
67 23 34 
91 59 36 
94 63 93 
78 41 79 
32 53 34 
67 74 94 
56 40 50 
6 56 96 
73 86 37 
89 83 35 
65 68 43 
20 50 49 
94 25 79 
61 10 73 
67 16 94 
56 76 27 
55 97 53 
79 94 8 
39 77 91 
28 61 45 
47 12 37 
59 76 17 
80 38 94 
14 9 34 
24 19 92 
25 68 13 
66 94 27 
13 28 39 
94 33 52 
91 5 74 
3 94 57 
12 13 68 
5 99 0 
32 46 68 
63 72 79 
68 88 74 
78 74 45 
85 86 69 
7 89 27 
24 70 5 
21 57 78 
93 56 41 
87 33 43 
71 73 61 
34 33 48 
17 13 50 
33 5 9 
55 27 8 
3 26 97 
46 48 20 
89 43 51 
48 62 49 
32 21 49 
71 29 85 
12 5 20 
1 15 21 
75 35 38 
33 37 45 
27 72 48 
47 59 34 
52 68 77 
35 72 90 
79 47 48 
71 17 69 
67 46 74 
89 29 99 
56 70 30 
13 32 31 
28 73 66 
10 78 12 
88 7 26 
93 15 67 
20 57 29 
6 44 61 
14 43 55 
58 10 86 
11 36 59 
53 78 61 
74 95 38 
17 44 87 
61 31 83 
29 75 64 
66 97 48 
29 9 67 
70 37 0 
92 74 92 
2 81 83 
92 57 3 
51 55 63 
55 95 4 
58 73 19 
4 85 92 
69 42 16 
32 52 96 
92 87 4 
53 50 6 
45 9 11 
65 83 55 
92 99 72 
87 35 38 
13 63 26 
47 43 10 
5 21 72 
17 42 9 
4 60 34 
52 71 42 
8 28 30 
43 35 66 
77 53 40 
95 16 76 
83 70 12 
46 57 92 
56 23 92 
46 53 76 
72 4 0 
38 88 70 
44 23 44 
31 2 89 
47 81 0 
11 82 9 
45 55 15 
7 24 83 
23 76 59 
74 56 0 
37 37 99 
96 61 75 
18 15 42 
7 80 67 
35 52 72 
45 86 25 
41 71 77 
79 78 4 
18 96 76 
32 41 18 
91 98 64 
13 97 5 
82 67 91 
96 3 16 
64 19 19 
71 30 82 
35 79 67 
30 65 97 
31 15 37 
86 25 74 
45 96 96 
58 0 65 
96 41 78 
53 6 79 
73 87 84 
67 91 35 
63 83 84 
25 67 44 
60 13 96 
96 1 11 
14 87 27 
64 48 93 
56 79 55 
98 43 70 
95 11 64 
63 14 62 
90 66 55 
30 32 48 
87 49 33 
55 36 66 
96 59 27 
31 25 20 
43 41 26 
30 39 40 
78 80 71 
59 19 55 
25 2 67 
46 7 36 
25 85 78 
49 10 1 
36 29 32 
14 81 76 
69 71 97 
41 56 18 
24 62 3 
65 84 86 
58 59 68 
95 53 78 
23 34 38 
42 16 31 
77 64 85 
64 57 84 
49 83 27 
64 62 5 
74 32 27 
53 27 57 
48 10 36 
6 91 18 
64 55 24 
65 75 17 
18 18 68 
41 98 79 
4 96 65 
64 42 25 
56 39 46 
58 96 53 
20 81 44 
24 28 69 
42 62 66 
42 66 38 
2 74 60 
77 55 0 
8 11 28 
3 34 87 
92 98 60 
4 75 1 
97 6 24 
78 47 87 
14 94 2 
52 47 61 
1 59 29 
99 89 38 
26 94 61 
90 28 45 
64 69 38 
36 90 99 
86 13 67 
44 63 18 
46 6 38 
0 74 20 
95 74 7 
92 16 54 
4 50 39 
57 33 93 
37 73 42 
50 77 88 
35 53 92 
58 87 31 
91 46 22 
60 43 82 
21 80 50 
88 75 44 
93 74 54 
18 41 35 
51 35 61 
66 58 34 
86 96 48 
39 88 45 
13 60 89 
51 25 31 
12 28 73 
74 74 31 
76 54 2 
98 66 1 
39 10 89 
85 42 86 
46 42 99 
67 7 13 
30 2 66 
51 14 66 
37 38 75 
6 87 12 
61 29 13 
46 53 22 
43 20 6 
89 45 42 
56 68 63 
75 71 11 
41 70 56 
87 4 95 
76 56 44 
56 4 12 
63 72 4 
90 76 40 
58 7 18 
72 73 85 
25 74 61 
64 50 42 
51 22 88 
56 43 60 
37 13 51 
65 83 61 
67 33 10 
86 36 39 
49 20 81 
11 24 31 
89 61 20 
55 40 58 
11 39 58 
78 75 14 
44 35 1 
30 69 27 
34 48 47 
89 73 84 
54 8 58 
29 81 7 
35 51 54 
25 62 96 
72 40 90 
53 12 17 
77 87 64 
18 4 37 
17 81 49 
99 11 18 
2 84 95 
13 4 40 
48 27 29 
41 56 64 
29 15 35 
52 30 85 
69 65 57 
94 55 17 
42 6 80 
73 21 37 
32 10 23 
46 8 83 
2 41 83 
95 31 26 
71 25 36 
3 22 66 
39 92 59 
2 52 14 
61 77 58 
52 33 87 
81 35 31 
69 86 11 
71 84 18 
68 3 30 
16 5 25 
80 63 16 
52 26 5 
61 90 69 
61 55 35 
98 55 50 
8 34 23 
94 70 85 
14 45 92 
54 65 35 
79 67 82 
25 71 57 
31 6 11 
2 65 44 
56 18 2 
14 6 24 
37 89 71 
75 3 37 
94 47 64 
5 2 53 
54 37 36 
22 47 47 
31 33 92 
73 55 58 
9 9 13 
20 73 63 
23 34 44 
92 25 48 
64 28 1 
65 23 55 
18 45 90 
25 35 0 
85 26 23 
40 92 74 
41 24 25 
30 11 59 
74 28 30 
60 18 98 
78 35 38 
3 39 31 
73 35 91 
44 97 64 
38 77 86 
21 78 54 
6 51 10 
64 70 22 
89 71 90 
25 0 80 
57 86 12 
36 71 70 
13 83 97 
4 31 21 
80 65 68 
36 13 88 
60 51 74 
69 98 0 
29 28 29 
45 63 27 
57 45 28 
40 96 16 
55 48 45 
92 70 41 
87 29 6 
20 35 4 
84 92 17 
30 16 91 
69 12 44 
17 41 46 
98 7 6 
52 53 45 
27 59 20 
9 5 8 
27 60 8 
40 14 72 
13 2 92 
49 3 80 
98 15 36 
15 92 53 
81 97 29 
84 22 69 
55 16 42 
48 13 42 
90 69 27 
29 74 2 
17 70 98 
62 96 21 
26 77 23 
61 93 57 
50 70 24 
84 9 38 
5 65 81 
82 91 78 
47 93 0 
69 60 59 
94 11 39 
55 3 76 
8 22 68 
5 22 97 
72 19 44 
87 63 76 
86 24 41 
78 41 4 
36 13 79 
45 91 97 
15 18 6 
22 60 81 
81 99 10 
78 39 67 
26 56 63 
43 76 76 
91 76 4 
77 44 32 
49 79 73 
10 85 64 
46 55 85 
52 67 83 
67 48 97 
59 23 81 
36 30 36 
20 7 10 
11 50 67 
65 73 80 
92 5 28 
0 18 91 
25 80 81 
86 66 36 
73 16 1 
94 69 94 
40 89 22 
78 97 39 
93 33 71 
62 63 55 
29 69 84 
29 76 49 
5 75 48 
58 39 43 
52 56 44 
27 33 48 
15 8 16 
96 70 33 
90 29 25 
42 2 95 
13 61 63 
89 25 16 
47 17 1 
73 4 20 
96 65 58 
21 70 22 
81 82 60 
95 9 45 
88 29 62 
20 38 70 
55 63 53 
17 85 89 
8 3 4 
49 79 91 
37 68 75 
44 75 70 
47 47 1 
0 45 38 
66 22 75 
24 58 45 
33 49 4 
59 51 0 
19 57 66 
71 67 89 
18 29 59 
10 29 44 
14 52 42 
18 97 77 
87 50 60 
5 47 42 
36 47 39 
89 81 65 
30 14 68 
27 34 98 
72 89 38 
11 21 28 
63 8 36 
14 91 63 
23 69 83 
64 37 76 
26 50 8 
75 46 12 
27 12 5 
56 42 1 
51 31 92 
90 7 80 
31 0 63 
60 95 62 
44 35 27 
79 17 93 
4 89 1 
72 76 66 
40 43 30 
10 66 74 
96 30 14 
92 24 70 
87 29 5 
34 23 12 
33 5 9 
8 0 59 
62 62 3 
41 20 77 
31 7 5 
4 4 35 
2 10 54 
18 88 37 
8 36 98 
10 40 88 
0 99 84 
65 53 92 
2 61 56 
37 46 90 
90 74 6 
8 2 21 
13 94 76 
18 62 53 
30 77 81 
82 92 27 
73 41 37 
12 71 37 
52 30 76 
15 61 44 
10 8 60 
84 17 53 
55 46 25 
89 86 98 
64 64 74 
11 46 79 
35 91 1 
93 56 34 
65 24 27 
32 36 94 
2 40 86 
84 18 78 
5 27 92 
68 1 85 
76 53 83 
75 5 5 
50 28 20 
76 93 52 
14 4 24 
30 76 18 
21 33 19 
92 22 66 
7 33 28 
80 86 62 
37 52 76 
88 99 30 
79 66 20 
83 11 26 
37 74 42 
20 84 7 
80 88 66 
69 53 57 
73 73 21 
6 74 70 
45 82 65 
91 30 41 
98 75 61 
42 61 94 
72 28 99 
1 33 83 
21 70 49 
29 3 99 
74 36 48 
22 6 38 
4 99 60 
93 62 51 
14 21 44 
32 70 14 
14 22 52 
26 29 5 
26 47 4 
95 34 72 
53 57 97 
39 53 45 
99 26 68 
83 50 87 
5 69 49 
54 35 63 
8 89 86 
65 5 11 
39 75 65 
10 2 6 
18 86 86 
37 38 81 
89 42 66 
67 4 74 
67 32 21 
47 52 32 
77 78 95 
49 6 61 
34 46 36 
82 98 47 
39 88 62 
26 2 86 
32 8 37 
19 50 16 
20 32 9 
12 88 1 
99 33 67 
27 1 89 
20 75 60 
67 16 52 
42 71 73 
90 68 57 
15 93 65 
35 1 63 
42 11 50 
59 93 55 
79 32 90 
57 21 71 
93 41 59 
76 66 48 
40 4 9 
63 76 14 
77 55 48 
51 86 94 
31 1 94 
90 0 79 
48 23 25 
5 29 59 
79 81 0 
90 27 87 
70 46 52 
77 52 62 
4 71 61 
32 39 36 
23 99 56 
74 71 22 
98 48 3 
57 43 49 
48 49 94 
66 19 57 
11 39 52 
79 81 29 
76 91 36 
8 37 24 
49 27 98 
55 14 84 
71 94 3 
32 31 37 
60 46 86 
20 57 7 
31 48 5 
82 27 75 
76 9 96 
48 31 18 
39 90 62 
32 29 33 
73 32 60 
19 95 14 
85 9 3 
92 13 89 
51 39 33 
92 89 50 
8 14 94 
61 91 33 
10 28 3 
97 29 10 
69 89 52 
48 23 91 
46 23 54 
50 38 99 
30 3 6 
46 41 92 
14 37 90 
48 49 49 
40 85 63 
3 5 6 
4 20 76 
45 28 43 
20 78 76 
40 37 86 
84 64 73 
80 69 49 
29 76 68 
80 95 26 
84 79 34 
40 6 89 
48 63 20 
73 36 80 
2 77 5 
9 98 44 
64 84 46 
83 82 4 
19 69 81 
79 75 32 
38 41 87 
10 6 40 
26 74 32 
31 70 6 
77 39 0 
57 62 44 
64 33 9 
27 45 11 
76 30 35 
35 64 77 
21 8 21 
26 52 46 
56 85 74 
37 25 45 
93 8 32 
17 13 71 
44 62 85 
26 0 5 
99 90 31 
83 57 90 
33 38 46 
54 73 40 
14 67 22 
34 70 27 
20 45 86 
93 58 48 
14 18 54 
45 14 20 
1 33 72 
7 30 40 
20 53 67 
52 73 46 
66 16 55 
88 74 89 
61 88 76 
41 71 45 
6 92 89 
99 82 81 
45 65 14 
88 75 45 
73 25 34 
37 84 54 
76 93 70 
96 79 88 
0 82 75 
37 98 55 
46 84 26 
19 45 1 
86 24 66 
38 84 36 
31 1 57 
17 23 68 
24 29 69 
76 24 60 
95 88 60 
50 39 12 
2 81 91 
72 97 98 
53 48 99 
75 70 59 
50 90 96 
28 40 58 
11 91 64 
89 85 2 
38 41 58 
34 47 17 
64 77 51 
79 95 8 
47 36 93 
12 1 83 
62 20 31 
42 1 71 
37 90 61 
18 99 5 
35 15 4 
76 43 66 
15 96 61 
74 36 48 
60 42 74 
75 79 97 
8 45 15 
63 60 34 
98 79 33 
72 73 56 
82 64 31 
60 73 97 
42 67 36 
0 29 13 
64 95 82 
87 71 84 
41 74 35 
17 82 84 
32 35 34 
75 44 74 
25 85 32 
47 65 58 
65 36 43 
76 42 91 
34 85 69 
66 43 6 
14 60 49 
0 90 59 
68 15 86 
83 91 75 
39 36 46 
94 61 13 
14 71 83 
41 58 47 
32 67 58 
47 45 70 
78 87 61 
77 48 22 
91 28 80 
30 58 50 
55 67 97 
20 32 50 
35 43 47 
52 99 83 
33 69 92 
92 3 82 
15 52 25 
1 14 37 
51 65 55 
3 28 52 
41 78 6 
92 76 34 
41 93 17 
80 40 71 
62 84 59 
60 85 94 
61 42 78 
54 15 83 
31 56 51 
92 62 89 
43 32 88 
55 44 61 
73 29 96 
55 14 23 
77 58 0 
78 46 61 
61 81 51 
70 46 78 
18 90 87 
16 34 48 
83 89 15 
97 95 18 
41 66 8 
61 2 99 
35 89 67 
20 21 9 
36 81 26 
6 87 44 
32 37 98 
83 92 17 
54 1 31 
93 72 65 
23 54 80 
48 50 1 
47 97 35 
70 5 43 
82 32 96 
83 49 81 
81 47 17 
62 47 11 
31 47 16 
52 65 28 
28 10 65 
16 81 60 
84 1 2 
72 84 23 
28 47 66 
60 3 73 
44 45 61 
77 58 71 
42 2 62 
96 87 9 
14 90 24 
31 40 72 
46 75 83 
4 11 93 
95 38 76 
57 53 20 
35 28 86 
14 30 44 
95 87 90 
26 23 70 
93 44 95 
65 0 40 
73 11 96 
60 81 31 
89 11 31 
96 20 3 
10 39 25 
61 5 75 
18 53 14 
86 80 34 
34 26 42 
9 57 55 
33 70 67 
30 53 7 
52 81 80 
67 55 19 
84 17 1 
91 49 5 
72 85 98 
5 28 75 
95 64 21 
69 70 56 
4 46 58 
65 70 12 
82 0 1 
32 91 22 
74 69 49 
30 36 44 
41 33 97 
40 61 57 
85 68 49 
38 59 7 
75 46 90 
77 73 54 
82 51 75 
9 94 92 
94 29 46 
81 61 5 
95 51 67 
29 86 11 
15 30 3 
3 91 43 
58 34 30 
59 97 7 
99 10 81 
2 25 82 
40 35 37 
13 28 92 
59 29 20 
28 75 39 
82 33 49 
37 58 1 
30 36 54 
15 69 42 
52 94 60 
91 57 71 
75 93 25 
20 43 80 
85 19 80 
20 45 39 
37 92 74 
93 38 82 
5 36 71 
53 14 74 
93 93 80 
51 55 91 
35 0 77 
4 88 70 
88 81 27 
44 24 32 
9 22 34 
78 34 48 
45 12 92 
64 82 56 
33 33 44 
57 68 29 
92 92 70 
93 5 0 
55 60 83 
44 11 60 
92 15 10 
68 23 98 
72 95 73 
13 31 43 
55 87 48 
42 8 41 
48 1 97 
6 12 10 
2 52 78 
41 95 59 
87 31 17 
48 37 90 
99 35 22 
4 86 41 
53 74 28 
15 49 18 
79 57 14 
50 14 58 
37 79 81 
75 57 88 
25 17 9 
67 44 46 
64 35 57 
45 5 92 
10 37 80 
92 53 96 
99 31 86 
96 38 26 
99 33 65 
42 2 94 
78 53 64 
91 5 12 
91 77 79 
69 93 51 
78 23 16 
23 0 48 
5 84 22 
76 4 36 
12 26 73 
69 77 98 
75 69 35 
45 44 96 
7 72 15 
77 54 19 
81 16 61 
27 54 52 
27 12 90 
38 12 82 
40 37 21 
47 91 3 
74 0 55 
26 7 17 
45 46 9 
9 66 4 
20 46 91 
61 55 87 
24 97 68 
85 32 40 
82 41 58 
94 55 6 
75 96 4 
25 9 91 
96 15 31 
81 97 30 
4 60 57 
17 33 8 
90 66 13 
22 84 18 
45 59 22 
95 10 7 
53 80 54 
85 92 97 
78 36 28 
47 54 65 
90 95 35 
70 5 20 
72 95 95 
83 91 99 
76 56 75 
80 39 53 
23 57 89 
0 92 31 
84 37 15 
29 33 3 
3 60 55 
65 7 86 
64 63 21 
19 16 81 
77 93 8 
63 47 90 
34 85 40 
68 17 49 
22 52 92 
61 46 78 
68 4 87 
97 17 49 
13 54 44 
81 68 89 
26 49 61 
43 15 42 
57 49 8 
49 85 59 
86 40 60 
20 10 73 
55 24 20 
43 49 71 
91 0 41 
77 12 56 
5 6 93 
60 5 41 
53 55 86 
1 99 15 
72 17 82 
53 7 64 
38 6 32 
33 26 71 
98 36 82 
67 13 61 
13 79 68 
7 51 9 
94 46 37 
60 40 40 
15 8 42 
86 76 26 
58 53 31 
13 61 34 
95 35 1 
4 90 27 
11 84 48 
83 75 20 
63 68 11 
96 16 88 
8 50 20 
90 1 16 
83 9 19 
43 5 20 
76 31 17 
18 46 85 
52 13 67 
75 23 60 
89 59 27 
21 45 5 
73 18 90 
74 98 46 
36 81 50 
61 6 40 
50 34 50 
95 22 2 
40 19 1 
16 30 7 
31 86 96 
14 58 12 
44 31 90 
45 44 51 
88 25 75 
40 68 64 
48 18 97 
36 84 10 
28 65 16 
94 87 24 
39 56 99 
78 56 71 
11 87 35 
11 61 26 
38 41 74 
11 49 24 
57 69 95 
49 9 37 
88 24 51 
27 67 89 
21 76 22 
41 37 72 
63 38 48 
92 26 34 
62 28 12 
94 49 4 
89 41 49 
97 89 42 
19 39 12 
60 65 94 
35 48 45 
0 54 70 
23 0 88 
61 99 78 
43 82 5 
9 86 57 
18 41 65 
64 37 15 
67 74 5 
50 4 13 
22 51 76 
0 56 5 
83 71 5 
73 43 0 
96 21 13 
39 87 29 
13 47 9 
47 49 78 
12 2 93 
91 94 8 
65 64 21 
68 85 24 
59 41 0 
11 31 84 
36 2 60 
68 83 29 
11 62 75 
82 62 72 
60 92 4 
89 28 42 
58 79 1 
89 82 63 
0 14 61 
98 26 69 
31 17 72 
13 60 82 
88 15 69 
60 48 78 
54 10 28 
52 77 44 
26 7 89 
86 63 58 
46 3 94 
30 39 92 
93 71 98 
40 69 3 
88 92 59 
27 56 71 
24 1 69 
55 87 46 
84 62 78 
23 88 53 
56 76 97 
94 54 23 
77 33 97 
91 43 87 
93 70 44 
45 81 76 
15 80 79 
2 87 8 
51 33 5 
75 60 30 
58 48 20 
98 86 55 
86 41 16 
30 89 77 
50 19 61 
52 60 43 
85 38 42 
90 43 41 
17 72 23 
80 66 58 
5 97 11 
71 76 34 
78 81 46 
7 47 74 
51 66 47 
22 66 28 
26 94 45 
59 92 26 
36 49 51 
28 14 47 
98 36 1 
0 94 71 
80 51 74 
33 74 26 
1 52 31 
42 29 2 
78 5 28 
43 1 75 
72 39 6 
83 51 26 
83 76 41 
64 62 99 
83 1 92 
37 46 90 
32 37 41 
93 2 19 
66 89 62 
21 91 81 
29 37 89 
38 32 44 
59 46 84 
11 75 75 
76 56 30 
2 25 21 
17 59 53 
88 26 56 
24 56 42 
72 27 59 
97 81 77 
47 94 59 
79 98 64 
96 98 57 
76 81 36 
4 98 59 
53 98 52 
55 48 49 
36 69 60 
76 72 87 
50 43 88 
72 19 18 
0 83 95 
27 69 9 
27 33 4 
16 47 80 
58 69 6 
76 35 25 
84 23 82 
80 7 1 
58 13 44 
1 34 74 
27 65 63 
20 51 6 
68 23 11 
18 84 31 
30 71 61 
42 18 70 
64 24 66 
2 66 14 
66 85 7 
37 69 25 
91 42 14 
49 10 43 
60 63 76 
65 90 92 
88 35 27 
17 43 12 
80 1 3 
60 43 98 
52 53 64 
58 86 84 
77 5 78 
33 67 52 
45 6 52 
26 19 67 
70 21 67 
76 20 32 
54 60 62 
18 17 57 
29 40 67 
48 14 95 
34 70 52 
84 96 25 
92 43 23 
79 68 7 
75 60 51 
86 64 61 
12 92 36 
87 92 53 
27 54 30 
64 37 73 
29 64 20 
60 9 77 
92 50 60 
74 29 35 
45 30 8 
40 34 54 
10 12 89 
65 96 68 
51 42 4 
60 32 97 
99 58 64 
42 41 96 
1 30 42 
90 41 50 
93 56 49 
81 83 84 
19 75 54 
65 52 2 
98 75 29 
62 62 51 
40 71 61 
95 79 6 
10 5 64 
25 91 62 
18 39 72 
91 38 8 
5 88 53 
3 95 63 
97 86 68 
71 89 99 
51 18 23 
67 58 65 
43 83 99 
27 53 90 
11 36 58 
3 83 37 
40 60 38 
70 67 41 
12 60 92 
47 41 51 
18 4 60 
71 58 29 
89 77 21 
81 97 99 
43 65 4 
18 29 77 
11 37 14 
59 20 79 
59 34 91 
20 88 32 
93 76 90 
46 89 35 
89 38 59 
40 96 21 
49 77 16 
95 41 41 
39 25 58 
74 98 90 
1 15 98 
40 66 17 
46 48 66 
56 81 63 
21 38 93 
4 88 27 
78 15 48 
98 18 28 
77 71 87 
6 98 18 
92 48 61 
56 49 44 
56 33 48 
86 20 30 
37 25 84 
26 97 78 
89 62 27 
72 0 17 
32 47 5 
45 8 73 
7 95 92 
99 87 23 
78 68 68 
15 27 70 
15 99 96 
28 66 85 
1 15 55 
76 59 12 
84 4 88 
23 31 52 
80 42 10 
64 12 48 
1 84 0 
24 84 82 
68 33 6 
6 66 6 
56 39 79 
81 69 9 
72 51 17 
48 2 44 
27 0 94 
68 59 52 
54 13 35 
83 59 65 
5 68 69 
25 55 44 
2 30 88 
57 40 30 
60 62 85 
63 9 84 
95 49 24 
59 42 38 
41 56 54 
95 97 94 
55 91 9 
80 34 44 
13 11 32 
83 72 77 
64 76 65 
67 75 91 
79 18 7 
77 25 61 
72 76 21 
14 81 64 
87 98 0 
11 96 77 
10 80 16 
16 34 12 
77 38 15 
45 95 57 
5 48 80 
28 68 43 
47 64 13 
19 34 18 
96 91 26 
59 57 83 
23 98 82 
25 79 45 
46 65 54 
91 88 26 
29 25 14 
41 57 69 
64 10 96 
24 90 86 
20 91 48 
73 83 36 
68 90 56 
12 75 39 
99 79 55 
0 0 50 
12 38 52 
77 28 53 
27 16 97 
88 14 79 
80 3 26 
8 84 78 
16 92 31 
3 16 89 
31 46 99 
4 70 15 
99 42 80 
19 49 51 
76 63 10 
70 69 43 
74 94 80 
40 4 4 
32 24 21 
77 10 98 
6 9 41 
41 45 56 
39 13 10 
12 0 64 
85 91 52 
43 22 22 
60 39 94 
35 24 57 
39 34 25 
74 71 26 
10 27 52 
0 2 54 
41 85 40 
2 47 88 
19 72 34 
57 81 65 
72 98 11 
82 63 26 
62 35 34 
60 8 28 
94 98 71 
1 54 69 
52 53 52 
24 50 16 
10 62 19 
97 45 35 
51 27 82 
59 86 22 
7 79 32 
22 78 15 
66 72 52 
23 36 61 
10 75 34 
3 90 7 
48 4 27 
76 31 45 
19 31 78 
75 90 44 
85 40 0 
76 15 42 
81 83 23 
61 54 83 
78 75 59 
69 49 48 
89 38 78 
19 72 87 
52 90 33 
84 7 21 
14 49 84 
50 76 55 
86 60 58 
17 76 73 
0 3 32 
45 36 78 
33 88 95 
13 34 78 
54 80 52 
9 2 90 
48 43 70 
73 71 0 
45 44 31 
1 74 91 
69 93 96 
7 24 2 
80 4 77 
81 97 29 
3 66 58 
96 82 77 
35 89 38 
94 48 40 
6 93 74 
0 51 46 
95 23 85 
35 33 33 
33 86 92 
91 85 43 
57 68 25 
80 38 96 
18 86 85 
26 62 88 
63 42 21 
97 96 95 
80 89 42 
68 29 15 
51 35 65 
52 9 49 
25 92 75 
66 7 64 
26 9 94 
84 44 48 
72 86 8 
22 37 29 
24 54 31 
6 29 7 
26 77 71 
84 21 56 
67 25 15 
19 36 56 
7 4 90 
34 54 24 
93 43 54 
64 63 47 
69 83 54 
35 38 45 
87 71 54 
7 0 0 
14 85 13 
97 32 95 
86 46 7 
44 42 67 
12 74 33 
73 64 7 
71 13 99 
94 74 32 
99 13 76 
24 80 23 
36 20 18 
18 0 79 
37 60 98 
20 93 17 
77 21 56 
92 57 27 
36 69 35 
0 83 78 
99 28 75 
82 2 12 
44 62 33 
17 65 28 
65 47 34 
71 3 49 
12 91 45 
90 20 71 
60 73 4 
41 99 82 
8 15 13 
63 24 76 
17 25 42 
16 36 56 
85 63 15 
16 19 25 
90 22 75 
39 9 14 
63 6 67 
44 88 69 
52 67 40 
55 69 77 
66 63 29 
7 9 0 
42 53 54 
79 91 36 
26 57 37 
52 95 15 
69 34 93 
70 88 10 
46 1 34 
51 53 12 
42 33 14 
39 11 71 
10 4 18 
90 52 38 
47 25 98 
12 63 58 
61 11 17 
96 44 27 
72 56 37 
56 69 88 
35 18 92 
70 4 12 
91 39 86 
17 54 87 
2 95 64 
48 69 73 
10 94 95 
71 38 76 
56 6 20 
59 12 34 
75 97 11 
58 12 10 
54 81 53 
88 22 12 
91 86 11 
34 94 99 
14 23 95 
56 92 48 
45 14 37 
21 63 36 
40 32 15 
42 70 57 
66 34 14 
15 24 57 
89 50 49 
53 57 24 
72 5 12 
1 20 45 
94 6 46 
6 74 46 
99 45 8 
8 14 43 
41 38 25 
22 1 63 
83 32 25 
31 13 0 
41 59 97 
28 49 73 
84 62 99 
64 41 49 
17 23 61 
34 96 27 
53 37 41 
96 80 13 
48 19 41 
93 30 64 
61 88 44 
90 47 0 
34 79 83 
99 86 44 
93 81 86 
51 48 25 
11 78 22 
90 27 68 
89 8 28 
52 85 6 
60 28 47 
88 46 37 
15 97 63 
43 63 64 
81 74 62 
83 18 93 
8 93 27 
33 57 80 
96 63 23 
12 24 90 
18 60 34 
64 36 14 
10 33 31 
66 63 3 
81 54 97 
19 60 21 
35 60 82 
0 92 37 
57 63 95 
85 83 11 
94 53 33 
52 77 85 
37 38 69 
22 80 90 
40 76 54 
98 51 73 
38 41 88 
94 70 13 
22 76 18 
4 31 39 
98 67 65 
71 14 0 
98 91 93 
14 62 36 
20 23 89 
95 92 64 
37 54 22 
50 39 36 
35 94 51 
37 49 14 
56 92 9 
77 99 13 
54 75 36 
25 49 92 
2 53 83 
98 2 85 
84 76 69 
73 83 86 
40 68 25 
82 13 40 
63 42 41 
88 89 79 
63 41 44 
83 83 10 
49 30 28 
13 21 82 
18 80 92 
19 72 79 
23 61 85 
77 44 15 
92 37 55 
74 22 76 
31 78 51 
96 86 79 
13 73 1 
10 99 21 
96 43 5 
24 40 79 
63 93 71 
9 89 10 
13 58 93 
93 85 4 
33 29 78 
38 67 73 
14 75 92 
52 94 8 
7 94 83 
47 5 43 
71 75 71 
3 25 44 
30 94 60 
55 32 16 
25 90 96 
16 50 36 
91 32 67 
70 77 12 
7 19 13 
90 9 27 
17 28 7 
38 11 3 
38 45 15 
55 35 11 
41 73 3 
69 74 36 
82 3 44 
56 56 49 
36 57 65 
39 55 54 
99 33 81 
88 56 38 
93 96 92 
59 7 66 
70 79 18 
96 75 5 
49 22 52 
73 45 93 
58 60 57 
81 91 11 
93 91 3 
70 36 8 
25 33 73 
87 96 38 
73 2 40 
67 62 49 
44 35 23 
10 39 2 
91 95 59 
10 90 2 
36 83 16 
55 4 2 
4 65 59 
11 87 44 
67 96 52 
17 62 33 
30 54 77 
45 56 73 
44 27 83 
52 22 6 
53 80 61 
84 43 15 
37 7 54 
32 8 67 
45 99 63 
17 60 28 
45 60 6 
86 31 65 
10 12 8 
80 90 98 
62 92 0 
37 12 70 
23 67 84 
21 72 69 
27 93 73 
11 96 84 
59 66 40 
26 60 26 
43 18 76 
41 64 58 
47 85 15 
28 47 51 
8 80 67 
7 95 54 
52 69 6 
38 6 46 
62 94 66 
53 43 15 
92 92 58 
99 15 98 
27 23 76 
62 92 17 
81 63 37 
54 44 80 
25 43 95 
72 62 88 
82 5 73 
55 75 5 
82 28 44 
81 3 20 
50 41 82 
84 71 9 
94 74 7 
72 38 25 
63 76 11 
31 79 6 
35 47 25 
62 19 67 
54 73 91 
5 24 37 
11 93 36 
95 34 52 
76 14 74 
93 40 50 
0 86 74 
56 84 89 
65 61 27 
96 60 64 
80 79 55 
83 33 28 
4 81 68 
23 84 29 
96 30 40 
87 47 4 
84 75 78 
21 47 89 
42 13 63 
1 17 16 
51 84 71 
53 13 13 
71 28 70 
72 43 2 
75 7 11 
9 7 53 
13 13 67 
39 55 18 
20 22 81 
35 52 85 
54 88 78 
92 70 49 
10 76 57 
42 42 49 
2 1 47 
59 81 33 
92 92 73 
71 82 0 
34 37 32 
11 16 9 
79 2 13 
75 20 89 
75 94 35 
70 92 72 
76 46 53 
48 56 6 
76 41 68 
98 61 88 
8 96 57 
85 53 44 
19 72 68 
40 62 70 
89 9 11 
26 14 30 
1 57 7 
23 15 89 
50 61 33 
24 85 87 
91 19 7 
90 26 71 
72 6 43 
48 16 82 
9 33 68 
98 31 50 
21 89 54 
82 70 93 
26 30 74 
67 76 36 
32 21 10 
20 18 14 
63 11 51 
4 88 62 
17 0 48 
64 97 24 
90 74 72 
10 31 21 
31 1 64 
99 50 35 
43 82 37 
88 20 76 
92 39 67 
51 57 58 
28 27 76 
71 96 1 
24 11 39 
32 48 2 
16 19 25 
44 21 89 
8 36 78 
96 67 81 
48 44 97 
84 52 19 
58 78 14 
47 97 92 
42 55 50 
1 72 97 
21 9 88 
52 37 72 
42 17 41 
65 71 39 
78 26 13 
57 18 67 
3 57 85 
54 41 5 
20 69 89 
11 28 64 
21 23 78 
70 51 47 
57 53 99 
13 75 87 
42 52 62 
30 82 48 
4 62 41 
3 1 93 
75 66 38 
83 55 21 
50 99 51 
19 57 84 
15 39 94 
63 58 83 
85 0 99 
1 72 19 
6 13 79 
65 65 94 
87 88 21 
60 15 4 
65 29 34 
49 65 23 
81 50 57 
88 95 78 
81 77 89 
8 45 3 
31 90 79 
8 69 20 
25 20 38 
90 80 99 
84 77 94 
16 50 51 
79 32 80 
25 99 62 
74 16 9 
65 22 78 
47 63 27 
34 56 34 
50 96 15 
53 66 49 
67 72 48 
61 8 54 
83 3 13 
87 29 22 
52 84 30 
73 43 3 
63 86 11 
25 86 21 
59 31 43 
62 5 62 
21 23 6 
2 77 7 
18 80 33 
91 11 17 
35 54 10 
50 81 22 
6 81 98 
71 35 76 
79 26 61 
94 45 8 
6 80 93 
39 65 83 
96 3 85 
56 68 60 
12 13 82 
80 96 36 
61 43 61 
11 99 13 
53 67 26 
82 60 7 
23 59 89 
7 21 93 
38 13 27 
8 42 68 
21 23 19 
50 79 81 
8 83 60 
60 64 38 
68 52 58 
19 66 61 
56 86 56 
23 27 93 
23 51 87 
59 51 38 
74 65 69 
42 25 63 
26 43 41 
68 54 3 
70 22 58 
47 4 64 
57 34 12 
67 1 77 
39 4 49 
50 37 4 
16 92 85 
25 88 92 
43 18 76 
66 42 17 
82 75 96 
91 65 80 
33 57 88 
75 56 44 
58 27 94 
41 21 17 
63 47 96 
74 87 33 
73 35 15 
1 22 57 
25 70 18 
15 87 77 
24 80 29 
22 32 69 
94 15 16 
44 76 14 
89 16 46 
72 16 38 
89 59 38 
31 51 89 
63 18 62 
57 32 7 
38 69 85 
60 51 95 
13 27 52 
74 59 29 
90 99 43 
20 73 17 
76 47 3 
76 65 9 
65 36 79 
26 51 60 
33 89 70 
68 7 81 
30 46 68 
79 43 13 
51 32 65 
65 90 7 
2 69 91 
15 60 52 
76 15 35 
78 69 82 
83 86 12 
82 13 71 
7 41 92 
96 43 71 
77 72 34 
25 24 18 
27 79 25 
91 28 27 
43 29 74 
31 65 32 
86 42 99 
93 16 83 
21 61 69 
27 36 7 
82 61 74 
94 55 47 
10 58 69 
24 52 72 
52 13 12 
27 58 55 
68 92 99 
98 17 46 
24 40 0 
92 57 69 
68 82 77 
76 79 2 
68 27 46 
70 62 54 
45 38 81 
28 19 8 
15 29 83 
51 82 22 
36 82 26 
8 1 69 
91 48 28 
58 9 5 
56 90 93 
84 3 64 
49 77 75 
61 77 69 
28 12 3 
80 0 10 
16 46 77 
84 62 98 
55 31 76 
68 82 44 
64 75 34 
24 33 31 
87 83 2 
30 70 87 
36 3 35 
24 51 49 
88 82 10 
35 98 97 
70 75 79 
25 19 39 
19 89 42 
29 23 15 
26 74 23 
0 89 62 
23 61 61 
74 6 71 
85 24 30 
50 12 13 
84 51 27 
5 16 63 
87 12 96 
41 50 14 
30 29 34 
91 81 17 
15 68 91 
33 86 45 
75 54 9 
80 47 49 
12 90 44 
76 96 22 
44 22 35 
88 8 53 
0 38 18 
92 77 9 
54 46 24 
18 65 64 
66 34 71 
53 52 85 
14 33 90 
52 12 63 
43 12 11 
90 76 66 
37 31 63 
1 44 26 
11 95 48 
67 34 82 
59 61 37 
44 4 42 
10 81 1 
86 95 83 
38 61 87 
23 45 43 
99 72 21 
48 31 93 
42 73 96 
89 94 1 
78 99 67 
55 24 22 
40 83 4 
0 28 51 
69 8 91 
82 5 12 
53 72 6 
16 85 43 
52 29 86 
14 67 32 
11 50 92 
87 85 49 
50 57 50 
22 14 96 
6 99 6 
96 50 97 
40 35 91 
73 46 22 
6 25 63 
45 43 94 
70 83 22 
61 57 30 
62 98 25 
40 41 36 
88 59 92 
23 71 80 
16 46 2 
98 96 5 
10 59 42 
3 60 53 
70 60 93 
24 37 54 
63 36 88 
80 31 55 
37 20 82 
43 82 74 
1 47 73 
61 46 20 
30 70 19 
39 84 59 
87 49 27 
50 96 95 
95 22 84 
8 9 21 
23 65 11 
70 17 12 
50 4 87 
9 76 3 
66 74 68 
39 63 4 
28 25 38 
14 25 83 
59 4 89 
36 35 67 
69 54 91 
82 86 42 
49 89 34 
1 80 13 
95 86 71 
73 32 97 
56 57 73 
53 71 4 
20 51 51 
8 39 97 
69 37 8 
2 10 19 
97 96 26 
39 82 32 
76 11 61 
71 19 23 
25 93 5 
69 10 26 
43 55 67 
40 30 85 
16 5 5 
79 70 1 
79 57 42 
43 80 27 
48 82 73 
70 91 33 
21 83 15 
9 28 87 
93 57 75 
53 27 54 
50 11 90 
5 13 59 
70 33 62 
66 48 61 
86 92 63 
42 92 82 
61 83 26 
93 87 4 
18 15 75 
12 65 89 
23 17 13 
62 27 62 
55 95 65 
49 67 48 
40 13 49 
35 67 57 
73 1 40 
83 17 32 
14 14 3 
64 62 15 
11 87 59 
13 5 34 
83 54 96 
4 95 30 
36 85 95 
77 72 41 
15 77 4 
20 11 2 
11 13 13 
96 30 60 
19 10 88 
90 75 76 
65 3 89 
32 69 98 
17 58 56 
59 50 9 
71 40 82 
34 23 46 
57 6 15 
66 44 93 
45 84 72 
15 5 36 
28 5 70 
41 78 65 
62 55 58 
43 43 98 
27 18 11 
26 94 14 
97 16 42 
98 3 82 
54 67 18 
86 50 90 
17 23 11 
27 67 94 
34 58 95 
62 94 17 
46 80 90 
31 0 44 
38 21 24 
78 53 70 
14 30 61 
66 91 33 
29 20 38 
93 63 10 
58 26 50 
1 85 44 
58 42 8 
9 8 8 
53 76 72 
72 80 98 
34 12 90 
43 75 26 
22 55 44 
60 2 35 
83 84 13 
0 16 91 
33 21 45 
31 25 20 
15 87 36 
53 34 94 
69 70 5 
45 98 43 
51 43 80 
80 0 4 
2 60 24 
21 6 8 
40 36 45 
62 65 75 
4 88 84 
63 76 0 
40 0 67 
2 89 27 
11 26 86 
21 31 24 
15 36 14 
25 30 38 
91 42 55 
76 65 90 
0 31 55 
32 91 40 
80 38 40 
59 25 42 
54 33 6 
76 74 99 
1 91 21 
99 34 38 
93 36 29 
24 79 2 
10 21 41 
77 45 22 
79 8 99 
26 38 82 
19 36 76 
21 41 48 
22 25 52 
34 7 94 
66 36 40 
42 86 99 
2 75 54 
19 24 60 
37 51 93 
16 26 73 
75 71 92 
51 21 80 
21 13 42 
48 4 54 
44 16 88 
44 42 10 
25 92 96 
98 46 15 
38 11 63 
68 18 54 
95 9 12 
41 38 30 
26 49 24 
99 89 81 
2 37 85 
51 63 15 
20 19 50 
48 30 73 
93 83 35 
18 28 21 
95 48 38 
75 59 66 
2 18 52 
66 79 43 
41 23 76 
50 42 19 
42 49 43 
73 24 18 
70 83 78 
2 79 83 
45 23 64 
93 26 50 
63 56 32 
92 98 44 
99 55 63 
58 48 4 
33 89 49 
64 77 33 
54 1 36 
51 7 30 
3 31 88 
25 88 32 
88 84 50 
82 13 2 
35 45 80 
63 92 64 
34 74 64 
27 40 39 
76 3 70 
33 81 9 
87 88 52 
74 88 99 
91 32 37 
4 73 73 
75 19 53 
0 49 42 
86 1 51 
33 81 66 
28 86 8 
13 70 90 
80 25 45 
17 80 69 
56 3 17 
42 4 17 
63 12 48 
67 35 57 
53 26 73 
8 28 26 
65 12 86 
5 36 51 
14 39 88 
75 66 30 
51 86 37 
18 75 12 
36 85 51 
30 86 62 
38 62 99 
66 46 13 
50 16 80 
45 12 59 
77 45 36 
76 57 76 
55 67 18 
73 53 11 
99 39 66 
50 45 55 
94 77 98 
87 81 28 
14 25 61 
24 2 5 
73 17 25 
10 18 25 
58 46 98 
46 12 71 
74 15 98 
80 83 3 
77 36 36 
40 37 1 
30 26 63 
55 45 9 
81 8 57 
20 58 5 
19 86 72 
34 67 6 
66 35 50 
2 92 2 
53 43 46 
83 48 16 
12 31 3 
88 90 50 
78 71 29 
21 36 90 
76 20 67 
38 51 72 
16 64 51 
93 63 84 
31 41 56 
56 44 83 
62 48 5 
34 78 51 
80 75 41 
4 37 7 
14 1 9 
26 25 94 
69 20 68 
55 0 64 
36 86 1 
91 15 86 
22 1 59 
3 41 65 
3 0 79 
9 23 58 
3 75 1 
48 25 90 
29 93 4 
22 84 16 
45 80 29 
10 99 66 
94 85 41 
60 47 78 
70 29 90 
87 19 44 
43 78 22 
81 24 95 
45 9 98 
63 95 87 
85 17 38 
50 97 57 
14 58 15 
58 55 31 
14 14 73 
12 28 57 
65 39 44 
85 3 96 
54 95 52 
60 78 68 
32 1 88 
97 56 24 
15 10 34 
80 16 72 
58 1 11 
66 40 86 
20 88 87 
97 58 82 
80 11 1 
69 55 80 
70 45 25 
18 75 47 
34 4 32 
52 90 17 
32 28 0 
87 34 45 
50 97 99 
31 71 83 
28 76 28 
44 59 69 
18 12 8 
10 90 71 
10 28 28 
61 44 33 
0 76 62 
14 72 88 
52 7 75 
93 45 52 
13 51 89 
3 19
60 79 76 2 30 31 42 69 74 97 67 67 15 11 60 64 79 0 74 
92 40 37 40 0 26 95 1 58 9 61 46 11 50 92 3 91 37 20 
6 59 13 21 72 61 99 30 38 18 11 70 73 68 28 65 12 48 42 
3 19
5 8 88 80 22 25 89 33 56 63 13 76 58 45 21 81 78 5 36 
81 26 8 95 78 53 52 1 47 78 77 63 74 24 58 62 57 69 6 
85 33 6 93 70 98 47 77 14 42 16 28 12 18 86 40 45 37 59 
