900 7
38 92 11 89 88 85 70 
33 7 14 20 61 96 91 
54 81 21 65 36 61 14 
73 64 18 52 11 73 84 
1 93 94 37 34 4 69 
5 92 40 84 18 35 12 
48 87 57 81 56 55 70 
40 48 50 30 13 80 22 
65 42 11 87 13 65 45 
90 15 39 53 45 23 49 
73 9 49 56 44 62 4 
91 25 80 11 18 21 1 
62 13 70 90 49 55 75 
9 77 46 95 40 93 53 
96 68 32 1 36 55 59 
7 0 38 99 64 86 49 
35 44 16 36 2 38 5 
0 11 92 46 54 80 66 
31 9 11 69 17 48 1 
87 54 80 9 10 94 4 
1 69 71 32 48 28 11 
54 10 75 66 88 28 58 
24 84 29 31 18 78 76 
9 81 14 4 89 12 59 
81 86 91 22 47 42 24 
90 34 78 83 21 73 88 
90 46 65 38 63 66 46 
72 24 44 33 63 2 81 
29 14 71 79 40 98 74 
32 68 25 69 99 89 73 
92 33 99 24 25 3 10 
37 11 3 27 67 36 2 
84 19 29 11 75 72 1 
5 13 83 33 12 15 0 
90 46 68 27 33 20 31 
29 85 36 65 99 98 64 
36 32 29 72 90 31 29 
42 13 57 4 42 40 25 
82 25 84 91 84 91 50 
17 23 52 15 63 70 31 
96 90 14 11 41 50 6 
83 83 70 81 7 75 47 
77 12 68 57 72 76 79 
20 69 97 49 87 15 19 
47 26 78 29 7 34 47 
35 11 46 17 56 6 94 
32 49 8 88 24 85 74 
26 73 35 25 56 58 54 
53 29 30 80 91 41 15 
95 96 28 2 48 15 71 
44 52 42 65 20 21 44 
68 68 37 41 62 1 79 
44 97 44 56 94 12 3 
83 63 46 48 88 78 40 
19 57 67 54 59 40 97 
76 37 89 44 19 32 84 
24 82 22 23 32 27 4 
49 48 63 50 65 38 27 
33 99 47 85 14 40 79 
56 28 23 9 19 70 70 
38 26 21 1 86 77 79 
25 83 14 88 3 56 34 
35 78 10 29 55 53 96 
93 27 78 31 29 3 66 
9 32 80 27 40 55 17 
98 0 24 86 66 73 68 
31 12 81 65 20 76 27 
80 4 57 20 94 68 40 
22 34 94 16 97 60 89 
91 11 84 62 50 34 57 
32 4 98 3 98 65 16 
73 41 73 4 80 31 56 
38 63 11 69 34 64 55 
66 70 63 19 35 76 0 
36 70 84 51 19 82 68 
80 24 22 41 31 96 46 
88 33 50 51 83 10 92 
98 16 26 99 59 2 80 
66 40 74 31 8 63 47 
24 51 14 43 3 21 58 
51 59 28 16 45 9 82 
85 91 74 57 86 47 44 
96 41 65 40 75 31 62 
17 11 23 46 68 9 92 
54 34 50 83 28 25 38 
79 53 81 37 18 41 95 
65 40 70 97 55 52 5 
78 18 98 27 6 38 82 
56 23 6 77 36 85 61 
93 42 71 53 47 3 55 
61 64 55 16 40 55 94 
47 47 87 66 52 10 53 
61 33 8 46 53 98 37 
41 87 11 31 45 22 31 
39 55 73 84 89 10 78 
97 28 91 13 74 76 21 
21 23 38 31 29 74 20 
51 54 90 76 50 95 32 
46 16 61 93 40 8 82 
51 24 3 67 57 61 8 
11 62 40 55 76 4 60 
47 65 71 49 30 2 85 
78 45 10 60 86 27 91 
54 76 75 81 49 53 11 
24 72 59 89 52 3 79 
66 73 27 2 0 4 6 
63 45 91 81 92 39 48 
58 11 45 58 43 25 84 
66 20 54 39 11 78 78 
18 63 97 57 10 20 74 
4 62 29 10 72 91 33 
25 27 45 49 95 64 76 
83 0 16 14 85 25 38 
31 42 33 33 44 82 45 
31 49 24 80 33 36 1 
28 22 14 87 69 50 86 
47 59 38 39 27 26 91 
26 56 70 64 51 49 88 
32 19 31 64 59 16 19 
85 19 34 89 64 93 53 
98 87 40 41 66 54 82 
17 48 14 80 11 99 53 
75 37 47 19 59 31 75 
20 64 3 70 94 33 36 
81 99 68 42 87 19 96 
49 32 62 26 33 9 59 
19 86 26 54 26 17 67 
22 32 74 54 40 36 94 
29 92 88 66 76 14 77 
62 20 52 27 84 59 12 
26 6 81 17 65 92 16 
88 84 65 26 65 86 41 
1 23 29 0 48 65 59 
64 7 53 94 93 28 58 
30 54 28 18 50 39 7 
19 31 84 39 66 95 23 
71 13 75 60 20 77 28 
15 19 34 34 95 77 85 
11 61 26 49 88 50 85 
89 12 12 27 91 68 69 
64 72 25 41 79 61 47 
41 10 91 64 26 22 77 
46 53 93 87 9 18 53 
9 75 40 86 26 19 62 
31 60 55 59 87 75 18 
0 68 16 89 72 31 19 
70 92 59 69 24 43 59 
8 16 59 54 36 80 51 
51 8 76 80 21 54 51 
16 31 94 83 70 63 72 
22 34 62 69 79 56 23 
43 60 19 85 35 52 82 
85 35 15 20 98 47 78 
56 78 30 20 64 56 20 
91 53 66 86 5 33 94 
18 23 27 43 58 29 22 
5 93 5 72 64 66 37 
1 30 27 35 87 7 48 
45 44 1 74 22 89 81 
66 63 69 96 51 85 12 
27 48 59 80 38 75 44 
66 27 62 93 68 68 82 
3 2 4 93 96 26 32 
40 90 6 78 50 49 6 
51 20 34 65 85 0 29 
39 93 65 10 16 55 83 
70 29 53 78 61 89 70 
13 37 85 27 23 48 22 
26 37 9 87 59 86 54 
2 22 84 24 69 18 67 
9 39 35 35 6 9 62 
24 46 47 16 52 56 63 
10 29 12 81 33 14 22 
30 40 77 44 5 14 8 
80 92 13 52 67 31 72 
60 71 6 28 96 18 30 
4 7 99 86 70 50 87 
89 93 42 81 88 93 26 
55 15 30 31 63 95 39 
66 73 89 69 93 21 58 
78 62 99 74 5 87 72 
9 59 21 26 47 17 16 
8 92 70 29 49 41 89 
48 93 6 32 5 34 44 
3 20 40 22 4 27 2 
19 20 62 37 83 78 29 
26 16 22 22 20 28 79 
60 45 53 96 92 8 31 
51 12 82 2 95 15 55 
39 93 10 5 5 24 23 
27 26 65 88 25 48 50 
88 89 72 75 98 72 0 
16 78 59 67 14 51 85 
47 20 72 0 60 12 39 
53 39 77 90 99 92 55 
64 15 38 31 67 95 10 
49 42 56 26 12 68 78 
49 83 32 4 16 14 50 
82 28 46 42 77 16 47 
75 19 63 47 29 46 10 
36 7 38 59 39 0 17 
31 36 41 90 94 86 61 
48 61 96 41 67 40 63 
78 11 28 49 87 49 9 
97 6 99 10 30 9 71 
62 89 50 14 39 65 68 
8 21 53 73 48 7 23 
60 22 58 8 22 56 81 
88 79 83 72 50 82 45 
51 3 26 26 6 57 52 
16 2 32 83 80 56 40 
77 15 59 64 94 52 67 
23 81 10 77 22 42 62 
53 79 11 31 95 4 68 
67 75 36 96 62 42 80 
26 86 19 84 2 69 76 
45 48 84 18 62 39 34 
79 81 31 99 94 41 14 
0 89 35 58 25 3 82 
28 5 71 95 52 37 11 
17 38 52 47 76 59 28 
22 1 97 51 74 61 54 
61 75 61 79 14 66 56 
57 76 38 0 74 14 20 
82 6 52 78 42 59 93 
86 39 2 96 9 37 4 
72 60 12 67 65 4 16 
74 44 26 18 91 28 74 
31 53 52 9 56 85 98 
5 48 90 20 26 30 41 
76 18 48 36 3 36 93 
95 9 47 94 99 76 35 
24 53 51 6 34 25 40 
36 21 28 92 96 32 38 
58 76 85 40 59 86 98 
16 62 11 35 56 43 87 
60 49 14 28 34 41 3 
18 4 74 42 99 53 83 
49 48 64 34 1 49 89 
4 32 89 58 16 0 81 
66 38 38 40 85 87 19 
39 51 77 18 84 41 87 
96 72 87 51 66 67 76 
99 3 85 95 85 91 68 
59 0 96 5 85 48 21 
39 9 8 4 55 16 64 
88 95 67 6 13 1 39 
68 47 49 9 71 71 0 
0 1 82 58 47 94 64 
10 72 90 0 9 13 11 
36 49 1 73 40 1 77 
11 75 45 65 5 12 26 
10 84 29 58 83 37 66 
89 14 90 35 23 12 67 
52 38 42 42 31 99 14 
56 99 53 86 53 38 98 
23 90 68 99 57 44 13 
33 48 95 46 94 19 25 
1 42 36 47 7 0 79 
30 96 59 78 95 59 49 
11 7 54 93 99 8 2 
22 15 90 92 42 60 57 
2 31 75 42 35 45 5 
49 37 61 7 86 40 77 
33 8 67 31 32 75 32 
30 53 67 96 3 14 36 
11 73 68 10 34 13 94 
45 35 81 8 40 44 9 
44 90 70 51 56 71 18 
7 42 26 29 51 50 71 
60 95 72 25 91 12 86 
83 72 53 59 78 24 72 
31 7 48 59 31 75 99 
21 78 62 79 98 97 0 
45 40 59 94 37 33 54 
59 50 41 22 69 78 20 
80 18 56 49 63 56 93 
21 95 38 78 79 97 25 
21 18 46 79 47 37 82 
59 55 36 64 88 49 23 
17 28 21 44 34 50 55 
56 48 42 99 90 54 9 
31 39 16 30 83 20 2 
12 57 34 89 17 29 4 
6 7 35 92 88 86 12 
68 6 95 86 56 13 38 
60 91 23 95 59 11 75 
12 2 77 1 63 8 15 
86 22 62 55 86 33 0 
72 84 17 41 29 9 51 
77 59 43 74 29 99 30 
50 48 86 97 40 19 55 
90 6 64 24 48 69 44 
4 54 96 36 93 25 57 
63 14 15 9 4 61 45 
42 53 61 84 14 75 39 
82 82 93 72 86 9 66 
41 2 43 26 26 16 41 
3 6 25 6 33 84 90 
48 94 10 86 29 77 99 
77 30 55 49 23 8 42 
9 76 10 73 28 39 54 
4 5 24 49 59 87 34 
82 84 50 57 79 57 57 
33 96 48 30 48 99 45 
98 25 61 35 30 76 21 
8 78 60 92 76 12 51 
17 27 79 20 87 17 38 
76 7 77 87 91 99 14 
82 58 8 13 17 95 14 
12 39 47 50 51 91 2 
3 52 44 99 0 66 74 
13 6 59 34 79 33 97 
79 44 7 70 14 83 66 
47 70 43 83 72 8 61 
80 15 61 10 60 72 33 
64 38 9 84 85 82 42 
24 98 95 79 62 90 74 
41 47 23 48 39 63 71 
5 43 96 58 95 18 71 
43 36 89 32 49 60 99 
43 77 92 56 60 68 39 
32 60 95 28 97 61 3 
86 21 80 39 32 60 48 
67 5 8 47 93 2 16 
12 3 95 36 26 19 54 
27 60 53 33 36 74 49 
70 68 17 36 29 43 93 
82 59 21 25 58 21 97 
56 94 55 39 36 69 9 
14 42 79 40 13 48 31 
11 80 30 2 58 36 61 
72 83 20 26 5 14 96 
45 21 73 88 74 19 6 
72 53 7 39 42 18 38 
49 84 2 50 63 64 43 
54 98 93 10 55 16 42 
27 65 16 68 49 91 94 
92 81 6 29 16 68 91 
30 70 94 28 88 90 76 
81 53 21 10 37 36 55 
49 48 11 34 82 84 42 
53 50 43 68 36 88 95 
17 11 82 90 72 70 85 
16 50 24 82 99 63 96 
94 40 1 82 46 70 75 
81 68 21 90 5 18 20 
5 93 96 73 53 45 85 
74 44 86 14 92 61 95 
13 3 70 9 18 22 18 
38 66 68 49 12 84 80 
86 23 4 43 29 11 66 
25 53 86 52 27 61 57 
4 56 81 96 82 57 19 
93 55 61 55 19 80 5 
20 95 49 14 34 66 74 
13 40 80 2 88 41 70 
73 81 20 95 55 44 49 
54 91 36 28 25 25 55 
9 67 15 54 78 12 7 
65 14 60 30 80 68 51 
74 84 13 68 92 3 59 
2 92 51 29 95 32 34 
56 95 51 50 35 5 17 
67 78 82 8 41 42 84 
2 45 9 95 47 75 66 
24 87 27 40 43 15 37 
57 3 32 30 9 86 58 
51 72 13 23 78 49 18 
78 26 18 40 69 53 3 
65 41 77 6 99 52 40 
83 46 37 67 50 80 71 
27 56 57 6 62 52 78 
17 47 77 84 66 6 60 
75 18 79 60 68 20 90 
69 96 45 82 38 48 69 
69 91 85 84 64 37 78 
99 18 21 61 74 1 34 
69 37 89 92 59 26 26 
69 56 53 52 37 74 70 
41 32 54 96 70 25 66 
24 96 70 74 18 38 30 
47 78 76 29 35 38 26 
54 78 78 3 26 86 68 
61 81 91 77 67 6 48 
26 33 31 29 93 54 98 
47 71 37 77 56 47 9 
28 63 34 84 17 12 86 
43 72 40 29 8 53 68 
48 75 45 85 72 65 77 
3 86 93 25 73 90 71 
23 86 60 6 37 75 31 
81 87 51 94 72 90 14 
25 76 5 42 41 7 49 
89 57 1 13 81 36 49 
33 36 70 6 56 89 94 
43 68 71 75 88 94 83 
87 59 74 54 59 80 71 
55 50 51 27 86 39 21 
67 86 67 10 7 31 58 
8 69 54 91 81 49 89 
27 59 34 9 30 17 49 
36 9 64 24 81 55 52 
3 87 89 55 29 51 2 
13 19 10 30 8 52 10 
75 78 72 63 72 68 59 
55 89 27 51 48 31 47 
69 1 35 2 26 20 35 
95 66 31 8 29 76 26 
24 88 88 8 64 22 46 
79 88 88 92 51 73 95 
67 96 25 1 28 99 3 
15 80 63 37 79 77 49 
87 55 62 6 52 45 27 
59 39 19 15 78 57 94 
45 29 74 35 41 13 34 
68 21 45 65 77 13 12 
72 67 87 15 50 18 99 
0 19 63 88 98 29 60 
55 7 97 19 86 4 8 
97 69 83 56 21 3 75 
52 80 93 36 28 26 6 
76 67 10 26 40 25 10 
51 55 78 22 55 5 80 
34 30 27 70 45 49 89 
24 78 95 39 75 35 36 
42 62 55 1 6 19 70 
97 87 89 94 50 97 44 
60 24 48 25 52 94 30 
39 30 15 44 83 23 53 
90 51 47 60 49 11 90 
85 65 70 6 49 80 79 
28 79 42 35 85 38 62 
12 94 20 79 81 54 15 
19 22 75 42 27 67 24 
31 11 19 5 72 27 77 
27 84 83 39 62 28 18 
72 44 33 45 92 28 46 
9 65 16 91 0 24 82 
77 79 49 18 17 77 26 
2 89 61 21 83 37 18 
39 8 94 51 0 82 43 
97 79 4 10 43 56 66 
32 90 26 66 11 14 90 
21 44 73 44 63 1 76 
50 98 83 51 8 8 96 
62 9 10 97 85 99 33 
41 31 52 22 31 88 52 
41 33 45 19 72 82 62 
18 62 36 93 51 43 30 
96 77 68 81 10 25 90 
21 64 44 9 32 81 33 
17 66 20 93 95 36 9 
93 67 41 59 38 30 70 
36 61 79 81 29 40 50 
24 42 76 25 76 64 82 
82 59 34 24 84 45 94 
89 14 85 34 80 50 56 
3 9 48 28 62 42 10 
20 40 65 85 87 50 54 
64 97 45 22 3 62 58 
39 76 23 37 21 52 79 
74 35 38 35 58 11 69 
57 81 24 20 94 19 45 
45 91 31 47 74 8 14 
84 9 96 76 13 40 32 
49 37 15 64 81 64 12 
59 52 15 35 93 95 87 
95 17 78 78 26 88 54 
20 21 72 72 33 49 3 
32 50 52 93 59 38 63 
39 39 89 85 30 25 3 
4 24 91 12 18 28 76 
64 53 50 21 32 67 72 
63 66 80 37 55 31 75 
74 29 77 33 69 19 58 
46 75 23 99 1 40 6 
51 19 52 38 25 42 95 
96 14 60 58 46 41 23 
65 46 50 48 40 27 34 
47 70 48 39 36 13 83 
38 62 24 24 44 63 63 
4 66 1 66 50 3 54 
88 44 58 33 72 87 47 
38 24 46 63 15 4 55 
22 2 83 23 21 85 57 
23 20 9 27 49 77 3 
66 85 87 96 47 19 52 
43 45 59 83 20 0 62 
5 60 38 43 79 15 83 
78 57 16 98 21 23 13 
13 43 87 5 11 27 38 
8 8 92 6 43 29 17 
18 32 20 30 7 77 59 
24 53 28 46 90 52 12 
57 43 53 38 7 79 43 
74 60 10 46 89 25 67 
69 49 77 46 69 70 41 
86 25 84 31 9 17 16 
7 17 28 5 20 83 86 
11 47 54 90 16 83 73 
11 6 94 18 96 37 50 
54 83 22 41 78 17 75 
77 63 37 8 69 38 90 
47 57 98 8 81 11 8 
13 81 0 51 39 23 72 
30 25 77 22 49 11 37 
74 94 77 38 72 40 34 
28 51 37 84 83 51 69 
60 16 33 87 51 82 77 
50 97 38 38 6 18 73 
39 79 10 9 59 81 90 
85 34 8 72 48 84 62 
90 45 85 93 83 90 65 
21 87 75 74 67 1 51 
45 56 10 39 55 4 23 
39 7 19 98 91 67 87 
52 95 42 84 56 36 33 
70 3 63 24 14 11 99 
16 11 25 86 70 22 30 
16 70 15 93 38 22 46 
59 78 0 48 73 24 73 
31 19 86 80 59 5 65 
3 80 91 43 39 92 33 
7 37 69 58 58 49 44 
69 7 42 84 0 78 24 
12 7 81 84 35 76 67 
19 61 60 61 64 42 53 
27 31 22 68 30 81 89 
36 73 49 15 82 29 76 
40 49 8 36 45 44 32 
24 14 57 0 90 89 21 
47 29 80 78 93 85 23 
75 98 52 49 61 84 63 
66 84 25 89 46 43 57 
18 20 31 22 30 63 73 
82 26 96 31 31 9 0 
94 2 64 98 39 57 74 
76 0 28 81 67 82 41 
31 15 36 26 14 95 61 
98 20 14 67 80 89 41 
96 69 94 15 57 32 66 
97 46 94 56 74 43 43 
49 51 65 12 11 46 34 
43 69 4 58 53 87 74 
79 95 90 33 7 8 39 
6 47 1 82 38 38 98 
32 45 72 23 61 21 88 
6 82 5 61 20 34 96 
1 4 87 21 30 80 16 
61 72 3 47 15 49 22 
94 78 19 78 68 85 69 
20 90 88 22 29 88 98 
27 73 76 99 25 97 54 
35 46 63 45 4 95 99 
43 70 60 37 54 2 55 
78 96 82 11 45 32 36 
37 98 81 96 75 28 71 
15 31 75 92 65 76 80 
66 76 89 6 34 0 33 
72 98 61 93 90 40 69 
24 65 72 98 31 55 96 
10 66 13 8 22 52 98 
39 31 16 62 75 30 46 
73 73 14 20 39 0 29 
16 44 99 14 68 45 52 
97 36 15 76 69 99 26 
11 24 40 93 72 92 83 
50 72 69 40 36 64 12 
95 73 57 6 72 99 75 
96 63 88 97 52 31 72 
3 88 34 41 98 88 10 
83 9 84 63 29 41 40 
96 83 74 26 52 29 92 
85 21 0 36 78 8 28 
38 4 93 92 86 0 38 
76 27 97 5 15 90 78 
82 36 25 33 7 80 42 
38 26 4 15 72 71 62 
92 58 20 49 30 85 81 
87 0 45 89 54 69 84 
69 88 78 22 25 36 29 
16 87 68 12 25 61 66 
91 46 69 65 59 41 30 
20 88 95 1 4 72 87 
54 64 44 31 71 15 99 
51 37 16 2 57 66 43 
15 0 38 47 19 35 52 
61 23 62 47 48 12 21 
52 56 72 42 35 61 20 
93 87 95 29 52 12 45 
99 10 15 3 84 74 43 
61 84 51 95 47 26 32 
40 25 71 91 48 79 65 
90 29 64 2 24 29 1 
98 22 26 28 83 60 49 
46 96 77 27 94 87 14 
48 83 56 26 40 86 71 
34 12 53 93 42 58 94 
31 70 14 78 16 97 53 
80 29 75 86 44 97 72 
33 6 36 77 87 90 70 
31 61 19 15 67 72 25 
30 63 96 41 59 72 75 
38 54 53 50 96 22 47 
78 22 13 6 1 4 18 
51 28 78 74 36 1 49 
46 48 83 90 24 41 12 
36 42 97 3 54 82 37 
57 4 69 51 88 38 45 
22 51 78 77 22 48 28 
68 28 9 74 30 50 41 
37 55 48 44 12 44 48 
96 9 77 59 13 79 60 
89 45 0 8 91 8 54 
70 65 57 15 76 80 18 
45 79 58 20 78 52 73 
78 49 88 87 37 45 66 
73 97 95 8 7 36 89 
51 74 97 64 0 54 63 
17 55 40 13 39 50 71 
31 16 95 8 75 97 9 
13 30 14 46 66 76 73 
69 72 90 52 25 49 51 
56 63 33 93 3 57 45 
51 33 76 62 20 92 19 
13 54 29 3 26 69 89 
78 9 72 46 55 64 79 
31 76 45 4 6 63 24 
29 72 12 78 74 85 38 
38 3 63 73 60 18 67 
91 13 23 84 58 20 79 
23 70 20 9 50 42 14 
89 86 77 97 26 94 15 
9 10 15 56 52 76 83 
70 83 43 95 29 24 98 
89 39 83 1 97 71 98 
37 94 36 52 16 58 20 
22 35 52 24 82 61 63 
1 0 19 17 88 11 72 
42 45 14 56 26 12 54 
98 57 94 11 24 61 75 
28 61 63 96 27 76 99 
71 17 52 24 1 22 72 
33 14 95 57 13 59 36 
55 60 59 81 58 60 89 
4 21 94 35 17 57 65 
4 28 69 47 52 53 9 
1 34 7 93 66 12 80 
90 25 47 62 94 8 68 
59 65 54 18 32 70 70 
25 53 87 43 66 21 76 
35 39 88 78 96 48 95 
53 54 92 12 36 39 91 
71 15 96 5 35 16 1 
11 71 17 6 98 78 31 
92 64 59 65 22 65 84 
67 10 23 95 7 2 33 
12 47 73 79 6 23 87 
36 48 87 67 72 47 21 
99 38 15 68 89 92 30 
14 26 97 56 81 37 41 
10 36 7 68 39 37 52 
99 9 36 11 38 15 57 
39 54 70 16 23 96 67 
84 68 12 49 71 68 98 
76 80 83 0 97 58 94 
51 57 41 62 56 1 62 
56 21 81 84 10 75 8 
47 58 23 52 71 87 81 
91 28 71 94 86 26 73 
96 10 41 77 68 43 89 
82 2 61 88 37 30 98 
68 79 73 35 41 29 11 
62 63 82 66 82 42 18 
58 86 80 50 74 72 63 
38 41 91 64 75 1 3 
0 76 55 94 15 23 38 
93 39 92 67 74 22 49 
84 64 87 49 48 11 97 
61 96 25 54 76 0 50 
18 23 52 71 65 81 71 
7 90 80 89 0 65 85 
23 16 1 58 92 33 88 
18 26 44 26 55 92 34 
39 14 28 85 81 19 69 
6 55 31 65 96 36 76 
11 25 10 74 17 10 22 
5 51 65 43 21 90 30 
56 39 69 50 92 92 20 
21 12 66 5 39 56 61 
98 83 41 9 43 36 12 
94 21 90 58 96 64 12 
35 23 5 46 87 23 17 
55 33 67 71 88 79 64 
2 16 22 9 29 28 53 
9 66 13 22 84 22 45 
88 42 15 19 82 36 17 
87 43 50 58 40 90 94 
57 75 22 64 25 95 33 
79 39 93 56 56 84 19 
27 65 66 65 70 30 37 
89 88 59 55 29 97 0 
16 79 55 58 91 97 0 
7 18 36 48 69 61 30 
57 64 77 51 94 71 62 
22 38 96 48 21 38 65 
47 20 40 94 3 7 9 
51 28 99 8 77 90 2 
68 98 43 48 69 66 97 
5 26 7 12 4 69 71 
23 17 39 15 16 20 84 
75 72 91 90 92 11 94 
76 51 24 86 69 60 94 
53 56 32 3 18 80 7 
50 56 0 85 17 49 87 
66 93 76 77 38 69 7 
51 63 47 68 51 12 52 
74 40 75 22 2 59 22 
20 48 55 37 52 34 72 
85 56 54 27 11 8 65 
46 23 64 2 91 31 92 
74 14 54 29 6 6 70 
76 93 75 49 32 45 40 
82 7 69 84 1 68 1 
76 67 0 61 1 86 35 
58 82 60 79 52 52 49 
0 74 40 51 34 74 54 
8 61 66 8 16 87 67 
22 93 41 56 37 56 83 
49 97 39 40 86 12 37 
5 3 34 64 99 21 16 
52 60 52 41 83 62 74 
99 64 48 18 21 65 58 
36 53 77 89 2 43 44 
34 41 81 4 61 27 60 
55 37 80 16 87 11 77 
20 70 64 17 42 67 9 
62 80 10 95 90 30 66 
26 74 43 90 74 95 58 
28 43 41 92 81 51 75 
10 79 89 23 94 35 47 
67 86 20 48 37 97 33 
6 75 95 17 66 71 2 
1 39 41 1 34 26 57 
21 30 72 88 62 19 39 
52 77 58 77 95 40 14 
41 28 26 47 92 18 33 
81 29 88 31 47 16 28 
78 99 27 48 1 51 8 
47 72 12 79 53 53 4 
98 85 88 28 24 87 18 
44 61 6 32 75 13 34 
1 1 71 75 16 91 38 
63 8 56 10 95 63 19 
15 26 68 75 90 20 57 
28 78 12 43 18 24 72 
83 57 26 14 51 53 68 
19 80 24 81 51 62 37 
82 55 96 32 76 9 39 
40 12 38 13 75 61 39 
22 53 88 28 27 63 91 
81 97 51 89 33 76 29 
52 56 90 69 15 8 55 
46 4 15 46 10 15 98 
90 6 76 49 43 80 80 
39 17 51 81 92 22 44 
18 13 52 78 97 48 77 
28 48 47 21 58 12 22 
66 74 99 99 62 8 81 
37 40 36 16 68 2 75 
73 82 95 84 39 32 54 
13 27 12 61 47 36 1 
47 85 66 0 3 65 13 
85 19 66 40 29 49 33 
2 76 2 48 3 11 50 
75 31 68 45 32 42 94 
66 51 81 59 15 37 76 
88 41 33 2 17 91 87 
72 40 85 16 21 42 14 
22 77 90 48 68 39 87 
36 36 37 73 68 97 29 
70 52 79 77 91 53 48 
90 71 85 10 71 84 86 
5 9 45 50 95 70 26 
40 83 70 60 95 44 94 
34 75 30 31 72 76 26 
53 71 64 45 6 24 47 
59 97 94 55 16 48 0 
36 36 20 32 24 71 0 
63 31 56 74 30 59 66 
41 28 95 46 10 11 34 
43 96 88 52 18 7 42 
36 79 62 30 56 70 6 
23 83 27 8 26 30 29 
69 4 85 47 4 41 32 
97 27 89 58 38 71 34 
44 68 90 58 25 66 36 
38 29 74 92 65 23 91 
57 39 13 78 97 55 87 
55 83 64 30 48 27 39 
14 89 44 50 31 60 20 
27 13 47 3 55 74 17 
71 49 88 17 97 68 27 
94 84 54 28 37 17 10 
46 1 14 95 52 41 44 
61 44 29 6 6 43 27 
87 18 62 13 94 33 11 
12 37 30 76 5 32 7 
79 9 60 23 88 49 24 
99 84 30 12 24 38 77 
90 18 17 0 86 50 7 
53 64 27 87 22 82 33 
7 92 98 30 98 75 34 
8 86 38 17 64 14 87 
18 74 45 25 27 54 31 
27 14 18 55 39 61 16 
43 92 17 48 73 64 83 
1 40 15 98 78 7 90 
58 66 5 41 23 97 68 
27 37 98 55 72 25 32 
67 34 28 98 25 15 20 
75 92 15 52 29 96 54 
28 10 97 30 34 64 34 
44 27 73 8 48 80 78 
12 47 30 50 32 13 30 
4 16 74 0 89 9 32 
44 90 81 61 92 29 71 
35 85 7 21 8 70 35 
21 59 43 26 83 14 96 
64 96 29 38 4 24 41 
3 36 89 83 10 2 33 
41 54 65 51 6 83 39 
16 24 38 16 69 25 2 
67 41 6 61 19 14 35 
73 90 43 13 41 60 89 
39 41 72 69 72 49 61 
27 69 15 82 1 20 22 
79 78 41 61 58 96 42 
42 13 58 41 98 76 8 
79 37 42 39 21 36 80 
91 94 59 93 51 61 45 
26 34 70 35 23 23 62 
60 97 46 12 18 33 8 
5 25 63 90 53 86 5 
86 30 8 78 67 19 23 
20 19 8 32 72 94 1 
36 81 52 0 39 31 63 
82 17 96 31 50 37 87 
94 7 67 49 49 75 1 
23 85 36 94 4 57 63 
96 45 8 93 44 20 30 
2 58 2 37 43 58 20 
44 91 37 22 5 65 14 
34 4 47 83 15 41 95 
87 3 59 50 94 74 65 
91 69 2 12 29 12 84 
53 2 36 21 60 30 53 
90 16 60 2 36 50 66 
97 38 50 74 21 86 5 
41 14 98 35 0 44 10 
2 21 33 75 41 37 75 
60 63 1 13 31 5 72 
9 41 23 36 91 85 8 
85 83 31 6 87 3 97 
10 26 29 9 19 25 53 
78 38 80 64 55 58 2 
12 71 81 90 30 55 17 
18 35 21 74 15 52 75 
73 29 20 37 91 70 14 
48 89 67 17 59 70 29 
39 22 23 55 3 33 25 
69 19 39 90 68 27 66 
15 17 51 93 34 40 7 
96 34 14 99 71 43 84 
24 99 34 77 84 25 82 
18 58 63 89 7 28 40 
7 8 0 66 79 98 29 
57 88 14 47 46 37 60 
5 86 61 78 63 42 48 
59 99 89 71 5 53 69 
76 5 21 32 15 53 85 
51 80 22 7 88 62 85 
53 50 63 80 59 83 23 
67 66 57 93 32 47 81 
77 86 56 81 3 55 70 
1 71 42 4 39 45 36 
79 69 70 29 5 33 79 
88 46 64 10 96 21 54 
49 41 82 29 87 40 24 
26 84 89 44 21 64 54 
75 71 37 77 70 15 42 
0 83 37 42 11 85 58 
41 20 3 0 41 60 36 
14 81 35 40 7 58 59 
38 55 79 71 8 70 31 
1 77 1 95 90 20 89 
36 33 59 63 6 39 18 
53 26 29 7 23 12 80 
58 42 72 44 92 49 37 
900 7
83 37 10 84 72 86 15 
76 3 15 95 95 36 72 
76 9 55 61 13 89 73 
49 20 46 55 0 68 83 
49 41 97 31 29 50 63 
17 71 38 59 95 64 27 
35 85 34 36 15 8 20 
52 45 44 30 85 85 88 
95 71 50 28 73 97 74 
87 32 97 33 39 82 55 
51 76 70 24 63 93 0 
25 68 91 36 24 32 33 
73 83 95 73 8 80 73 
88 16 23 85 31 56 23 
13 15 81 65 99 15 34 
56 9 86 95 81 1 50 
10 68 24 95 72 46 6 
54 76 54 92 79 24 12 
53 36 8 93 3 36 2 
36 22 16 77 88 1 24 
99 0 21 0 16 99 77 
91 25 67 33 62 49 52 
12 13 84 78 31 70 89 
53 9 11 78 29 57 81 
13 97 65 32 98 38 35 
60 67 89 76 64 4 50 
36 33 92 81 79 29 5 
90 26 78 1 92 80 68 
9 56 17 35 60 76 95 
14 87 30 99 76 22 81 
30 22 61 52 45 99 20 
40 58 15 32 17 72 83 
86 17 12 52 5 42 95 
93 85 77 51 67 41 46 
97 21 66 86 76 95 36 
57 4 69 1 77 28 99 
41 40 0 29 9 2 93 
74 8 80 97 80 69 33 
24 88 90 55 55 45 44 
17 34 65 43 50 53 61 
78 95 72 43 20 19 7 
25 94 49 54 25 66 81 
11 58 4 87 59 44 29 
13 26 9 89 32 42 5 
43 24 72 23 88 75 88 
17 40 38 68 4 53 31 
2 31 37 75 64 61 78 
19 15 23 66 71 55 54 
98 96 68 73 43 23 27 
38 57 67 76 97 70 96 
56 1 84 93 30 99 31 
2 51 57 99 20 11 24 
84 41 74 87 78 9 55 
17 73 48 68 82 99 32 
64 6 60 1 99 86 96 
75 69 16 72 63 82 50 
54 4 64 80 56 77 26 
78 7 81 22 22 14 83 
30 63 53 38 90 29 79 
93 50 83 67 53 57 70 
66 52 81 27 56 22 8 
77 1 88 45 13 8 1 
27 27 20 17 34 12 40 
80 26 41 82 81 62 81 
62 51 82 45 58 38 9 
51 87 64 41 37 70 94 
16 29 76 69 46 28 38 
82 49 11 60 29 30 92 
80 69 13 78 4 22 20 
9 88 85 68 24 59 95 
69 7 58 65 32 87 56 
33 14 45 94 49 96 34 
85 55 59 24 12 52 12 
96 55 5 21 11 95 34 
60 5 24 39 57 0 3 
95 13 42 76 14 45 15 
80 5 56 71 98 67 2 
14 75 95 88 2 54 94 
43 35 23 9 80 50 72 
56 69 39 45 37 42 97 
52 73 65 92 75 49 84 
74 99 85 43 39 80 23 
43 49 93 5 63 94 0 
4 37 30 68 2 5 43 
7 54 59 34 49 95 23 
25 60 97 45 44 14 12 
77 91 8 3 61 71 8 
22 13 50 67 22 8 69 
49 4 47 17 68 25 8 
56 48 12 43 22 97 73 
31 24 39 45 2 48 89 
51 15 11 48 17 86 38 
35 72 15 26 72 17 21 
7 27 64 43 75 91 38 
69 57 6 72 10 50 54 
73 52 18 10 10 92 66 
46 62 95 59 45 53 15 
71 44 15 25 61 22 67 
3 31 71 16 18 8 49 
88 71 4 42 10 53 31 
18 34 82 36 96 85 67 
0 33 39 43 13 56 56 
94 24 39 42 85 34 32 
5 70 18 74 81 81 50 
10 39 68 95 86 7 41 
26 35 63 33 21 75 27 
58 56 94 73 25 35 33 
68 95 86 40 14 30 40 
18 25 55 36 98 28 97 
8 62 64 93 14 27 22 
97 43 80 65 55 46 89 
15 89 21 35 46 1 77 
14 54 63 15 49 27 58 
7 71 2 13 20 23 80 
48 57 26 17 83 76 72 
24 67 78 22 92 76 28 
65 63 39 68 59 37 83 
33 17 79 55 28 21 56 
85 2 88 71 71 47 68 
40 66 54 42 89 76 44 
51 52 10 94 39 3 76 
45 28 27 3 78 62 14 
56 59 33 45 84 28 81 
38 31 0 14 42 46 24 
68 57 0 30 26 6 1 
75 22 79 35 34 42 80 
31 95 79 15 70 65 63 
38 75 24 78 72 73 6 
26 88 19 42 37 61 95 
70 1 92 33 60 23 66 
75 7 45 60 91 50 84 
13 78 96 77 40 97 78 
24 26 65 93 33 79 75 
33 18 70 90 17 51 30 
37 26 56 43 4 22 0 
8 52 64 11 2 4 27 
95 15 57 68 91 96 28 
82 17 80 75 26 82 11 
68 53 88 9 74 61 8 
47 72 77 75 99 2 15 
54 13 2 87 64 75 81 
82 94 74 54 15 93 77 
29 31 43 10 75 30 33 
20 50 13 99 56 65 43 
33 2 27 99 16 56 72 
50 13 76 20 79 41 36 
72 73 93 20 19 43 24 
81 50 91 69 11 91 55 
58 65 25 83 23 7 9 
64 29 35 41 95 25 6 
77 50 48 25 47 5 91 
69 34 9 1 23 37 18 
37 87 41 57 71 45 56 
36 30 13 43 76 49 27 
23 97 38 36 74 91 54 
24 92 17 25 1 94 85 
95 18 27 14 95 9 65 
98 86 94 17 15 64 63 
19 25 96 78 58 95 36 
85 78 9 19 74 80 82 
73 90 41 79 82 39 22 
30 20 52 64 39 85 39 
42 29 9 81 45 22 86 
4 36 98 4 10 35 55 
42 60 19 96 41 57 96 
54 90 46 16 61 90 70 
46 52 65 71 88 74 81 
39 39 89 4 5 33 75 
29 18 80 55 45 96 50 
62 97 75 73 55 25 3 
40 27 15 6 33 57 48 
83 76 59 38 51 21 67 
77 43 51 86 13 83 90 
95 26 4 48 44 49 65 
44 19 43 4 85 66 8 
74 33 65 58 32 98 80 
81 87 98 21 11 3 1 
92 69 99 25 19 97 97 
34 86 1 64 25 27 13 
57 9 71 37 32 55 96 
7 28 30 51 5 78 27 
61 50 69 16 97 1 5 
85 33 27 93 43 58 36 
58 93 20 70 89 67 30 
32 1 68 6 9 46 97 
74 55 41 37 42 34 62 
13 40 14 89 79 18 3 
47 7 8 8 94 5 69 
79 76 51 75 9 5 51 
72 49 37 4 77 88 28 
65 67 23 51 26 64 56 
68 81 89 82 77 96 10 
83 11 96 40 4 82 13 
57 59 87 73 79 5 25 
53 12 31 45 90 40 50 
80 37 65 97 60 24 8 
47 29 4 41 99 64 40 
99 15 57 2 90 35 74 
82 18 57 80 43 63 33 
98 35 45 47 16 18 79 
59 61 30 22 90 66 51 
81 84 67 8 8 40 44 
1 93 36 94 84 5 93 
92 48 9 89 98 14 85 
9 11 48 9 89 34 28 
43 44 28 15 8 28 63 
20 55 17 78 50 59 19 
0 60 50 40 32 78 29 
85 55 45 41 37 21 67 
55 72 28 38 77 34 55 
99 9 69 97 51 67 84 
12 25 1 9 82 15 20 
99 20 58 35 31 34 57 
43 79 70 50 28 89 98 
74 97 58 76 33 80 43 
8 89 98 11 29 46 14 
71 62 42 2 96 21 72 
25 21 70 81 28 63 38 
72 83 81 82 42 10 91 
33 28 14 59 12 58 16 
8 19 58 58 26 36 25 
24 24 78 98 94 15 80 
6 62 38 67 82 5 81 
80 74 76 55 32 24 85 
69 74 79 39 55 15 60 
75 78 74 82 18 10 73 
90 55 78 40 18 74 61 
51 38 32 94 50 33 33 
10 72 8 92 74 92 95 
64 78 92 68 8 41 2 
96 17 77 33 79 56 59 
39 14 66 10 17 22 13 
99 4 35 84 87 10 1 
0 47 82 63 63 89 94 
46 10 4 75 73 96 66 
58 5 67 27 88 64 70 
36 31 80 2 17 63 40 
52 32 90 53 60 6 42 
86 20 23 58 20 56 18 
55 6 62 1 3 2 17 
2 68 2 88 84 12 65 
4 32 84 6 91 77 4 
91 62 66 81 91 99 86 
12 82 48 66 55 38 4 
79 51 7 50 42 61 58 
39 46 41 79 9 21 39 
26 13 96 22 21 23 41 
1 1 14 93 74 98 51 
10 9 31 13 96 94 0 
10 90 10 43 97 61 18 
9 4 94 44 43 31 63 
73 7 89 26 80 42 69 
70 64 59 59 96 91 32 
7 27 85 52 78 10 22 
65 99 98 39 32 25 23 
80 33 26 8 85 36 59 
94 13 23 20 26 75 90 
42 79 81 7 19 86 95 
43 12 69 1 86 21 75 
72 44 12 70 55 82 19 
90 20 83 58 35 35 4 
22 51 45 30 10 64 84 
91 17 87 76 89 8 25 
81 89 15 41 36 60 39 
96 90 97 74 66 75 3 
58 24 48 49 75 75 39 
4 97 76 94 95 25 10 
62 59 53 54 68 52 32 
58 79 58 61 63 3 43 
40 18 95 91 23 56 23 
1 75 74 25 39 95 45 
32 16 13 50 64 53 88 
44 8 64 46 71 50 8 
64 92 76 29 29 82 87 
58 44 21 45 81 35 31 
73 5 80 72 55 13 43 
29 82 28 0 52 20 55 
97 89 24 83 72 37 93 
93 39 17 76 27 55 77 
88 1 4 85 33 44 53 
2 63 2 20 33 53 14 
55 19 94 87 44 27 65 
58 41 44 65 30 93 48 
64 76 65 7 1 94 36 
23 93 79 73 69 0 47 
54 10 29 71 42 9 74 
57 63 68 83 41 5 5 
86 48 9 40 36 33 24 
74 20 15 25 72 31 67 
54 60 77 84 38 47 29 
75 26 6 16 81 23 52 
22 87 0 39 32 59 50 
38 81 95 92 95 17 60 
64 84 0 22 39 30 97 
17 98 4 44 47 94 92 
75 24 39 92 38 73 46 
60 33 91 48 35 10 87 
91 25 24 75 57 77 9 
80 69 96 31 59 31 71 
5 57 55 83 90 26 34 
13 48 31 73 50 3 47 
50 82 75 35 27 9 69 
3 31 29 55 99 99 6 
45 63 96 28 75 55 52 
74 65 35 73 94 45 92 
67 99 27 23 2 66 0 
22 45 43 56 54 96 30 
16 68 78 6 62 71 24 
46 16 16 18 98 22 2 
77 39 29 99 93 55 56 
66 55 99 9 30 60 16 
60 50 89 85 71 51 53 
69 38 72 65 69 12 36 
57 29 12 87 95 51 59 
43 33 40 83 79 32 22 
57 9 72 52 45 30 64 
63 36 24 9 57 74 93 
68 2 71 77 31 0 81 
87 27 62 61 34 48 59 
98 48 59 15 64 49 17 
37 47 1 16 84 47 58 
3 27 21 86 1 23 94 
62 96 36 63 59 41 45 
0 62 90 90 20 29 45 
13 60 8 58 25 5 43 
66 75 29 53 74 39 10 
58 2 24 45 29 43 5 
18 61 37 69 48 15 5 
95 12 63 54 28 98 7 
33 49 52 62 96 78 69 
3 53 52 26 68 87 2 
23 26 61 33 3 56 13 
9 75 32 59 91 36 83 
68 55 87 35 75 11 82 
96 36 23 82 62 35 70 
46 2 87 31 56 91 48 
80 98 95 26 15 47 68 
45 41 86 14 41 16 77 
8 64 56 17 92 18 22 
81 55 78 49 99 56 7 
95 56 63 0 14 2 94 
25 3 1 38 66 7 36 
7 21 15 83 26 37 72 
20 33 74 36 15 99 5 
34 74 63 35 53 4 37 
3 22 6 96 65 0 63 
84 79 82 31 0 24 53 
69 90 47 43 36 19 2 
2 26 26 19 86 20 83 
20 12 9 76 3 39 13 
36 17 97 8 79 86 38 
44 47 47 24 15 96 41 
9 54 61 87 83 47 50 
29 46 66 49 63 74 69 
48 33 97 22 68 15 3 
69 2 84 16 7 63 54 
94 75 98 61 66 18 26 
87 36 52 54 12 79 46 
64 63 67 75 97 86 46 
98 3 81 3 33 93 77 
8 4 30 22 56 40 72 
76 15 33 96 67 73 20 
27 7 26 78 84 82 40 
71 63 21 3 43 66 49 
34 8 8 59 83 93 70 
11 94 39 18 52 3 64 
99 97 93 37 93 80 51 
50 33 20 1 27 53 78 
33 56 95 35 61 12 8 
33 13 2 13 17 56 87 
42 16 53 69 85 75 94 
37 44 10 27 26 93 98 
65 96 33 93 62 54 12 
64 95 23 15 18 16 14 
34 50 33 33 3 27 34 
75 87 57 9 89 90 96 
21 54 72 21 39 65 21 
88 60 88 67 3 11 8 
42 44 97 38 30 55 64 
62 96 69 7 62 9 92 
77 87 54 12 51 1 45 
70 76 63 40 58 92 51 
50 8 13 90 93 26 89 
56 44 44 24 74 47 8 
18 25 41 14 24 6 39 
14 86 46 93 47 14 34 
35 34 21 69 63 57 9 
26 54 2 26 30 98 86 
9 98 55 32 30 15 12 
6 81 19 39 88 74 67 
1 81 58 37 1 43 86 
83 45 71 43 22 53 50 
64 75 19 49 50 58 23 
37 21 75 80 91 34 81 
22 14 46 66 15 57 35 
11 3 60 29 7 72 54 
6 5 4 63 43 42 17 
22 58 25 54 8 66 67 
39 5 70 68 47 32 8 
20 83 34 13 32 87 8 
74 39 92 88 25 69 7 
26 56 36 68 49 16 42 
66 37 46 37 71 45 14 
44 67 34 35 29 24 57 
23 64 1 35 74 6 84 
86 14 35 92 83 77 76 
2 51 22 53 63 97 45 
30 74 72 49 28 79 37 
57 78 97 53 94 16 8 
39 25 59 71 97 26 47 
83 86 22 59 32 70 21 
99 60 1 6 22 21 90 
11 98 48 60 37 4 51 
40 4 91 55 21 16 19 
59 76 25 28 12 94 71 
13 99 50 46 40 1 5 
60 97 25 94 76 66 97 
81 59 81 80 6 77 71 
57 56 87 41 8 89 59 
38 96 91 48 41 13 65 
27 32 21 35 26 37 79 
84 82 10 58 75 82 37 
82 59 38 51 55 53 23 
47 27 17 51 86 49 91 
41 49 50 3 60 5 93 
68 82 36 8 77 74 25 
71 26 68 91 32 48 31 
64 92 20 60 94 0 20 
87 7 26 36 25 38 27 
91 35 63 28 68 18 69 
22 13 14 40 60 17 65 
99 44 7 38 84 15 3 
18 63 65 41 61 58 73 
78 9 34 71 25 62 11 
43 31 85 38 26 73 20 
67 37 69 82 62 64 59 
22 51 66 90 46 15 68 
15 82 76 18 24 19 19 
92 52 53 10 62 50 67 
49 17 4 58 25 62 27 
8 21 50 45 22 6 58 
34 21 28 59 14 52 82 
59 88 54 61 9 4 13 
79 73 30 5 76 43 92 
3 50 20 99 6 88 79 
71 38 90 20 98 78 0 
66 40 45 32 11 20 37 
59 0 84 77 61 95 25 
78 88 92 3 89 85 91 
3 54 76 36 78 75 24 
96 29 9 56 90 77 98 
55 94 99 34 85 70 20 
56 44 22 99 17 92 97 
24 82 51 4 5 6 33 
8 97 31 64 73 55 86 
79 70 74 89 15 63 3 
1 19 32 12 98 62 93 
6 98 13 98 82 90 29 
71 24 52 32 71 11 6 
68 80 14 31 25 65 26 
24 62 83 41 24 66 57 
44 67 52 22 4 34 60 
83 77 6 47 68 71 16 
57 4 42 37 39 0 76 
23 65 92 43 22 9 72 
53 29 89 46 65 24 91 
64 8 15 43 38 49 7 
88 57 25 88 56 94 61 
44 42 71 11 18 58 88 
38 63 29 86 20 15 43 
93 64 58 42 33 90 32 
26 54 44 78 7 63 69 
20 21 7 98 78 97 53 
43 82 36 66 70 24 20 
22 59 13 80 86 5 46 
6 22 31 34 6 7 34 
93 43 53 20 19 77 34 
84 17 27 0 31 74 11 
68 54 20 13 30 63 85 
38 73 83 64 50 7 72 
53 73 46 65 99 65 31 
76 60 97 88 86 9 92 
87 49 39 94 22 95 32 
45 19 41 60 90 78 8 
99 45 7 23 31 99 77 
90 37 89 38 55 61 48 
50 10 40 86 97 42 85 
22 72 63 56 55 80 21 
15 73 68 81 13 91 61 
38 80 80 79 91 75 22 
51 97 72 59 82 28 83 
37 12 3 56 48 23 42 
92 15 54 4 70 82 15 
96 40 60 3 78 96 10 
68 52 33 93 49 79 36 
81 96 93 2 58 20 9 
16 6 85 47 99 22 21 
15 89 43 82 81 91 79 
46 76 37 17 27 33 31 
11 59 56 62 36 4 87 
98 0 38 8 39 20 11 
9 61 78 5 4 97 85 
89 75 94 96 11 99 29 
44 15 28 97 59 88 5 
80 96 39 94 11 30 87 
72 48 22 78 94 9 6 
34 12 90 63 32 35 3 
99 25 49 80 62 77 90 
41 28 34 51 49 14 46 
99 56 30 11 73 55 2 
86 0 78 12 17 2 47 
82 18 70 61 96 28 67 
67 29 5 92 51 77 76 
9 76 37 22 96 75 10 
64 1 63 93 91 9 5 
51 87 48 22 24 94 71 
95 86 50 27 52 4 29 
97 42 50 18 23 3 55 
96 50 85 4 28 5 79 
46 89 48 95 77 42 58 
53 25 74 10 57 25 60 
17 86 34 3 53 8 24 
0 87 45 15 11 81 75 
20 18 15 50 81 73 92 
48 17 69 46 23 33 23 
24 33 17 68 34 82 81 
45 61 13 92 40 94 79 
70 34 69 4 55 30 48 
29 71 85 42 53 22 77 
99 69 46 69 19 30 69 
27 57 82 94 74 66 90 
78 17 11 68 14 50 85 
19 36 65 35 37 40 23 
41 4 27 34 18 59 62 
11 0 25 96 60 80 73 
85 96 98 67 33 28 85 
85 63 46 3 16 81 9 
98 43 55 29 40 99 28 
24 83 37 77 7 83 49 
72 70 64 57 55 4 55 
42 93 5 32 98 43 97 
28 41 86 43 20 27 14 
41 0 86 81 68 32 95 
89 21 27 97 47 45 7 
73 37 42 44 14 52 19 
64 7 46 93 65 55 73 
45 19 25 45 56 75 1 
73 32 18 25 9 67 98 
28 87 4 81 10 48 27 
58 98 22 69 51 17 45 
58 69 54 17 31 97 94 
92 9 74 38 46 58 78 
39 56 50 33 62 90 65 
6 47 48 43 2 53 25 
46 14 58 73 21 88 76 
13 34 42 91 21 16 3 
3 67 3 87 50 49 52 
45 68 57 63 23 84 2 
20 66 65 74 33 82 51 
40 64 0 90 30 65 8 
95 90 6 6 85 80 8 
37 6 94 7 86 43 87 
29 9 34 83 36 40 9 
31 2 76 61 95 7 61 
32 15 38 58 65 79 21 
71 13 76 15 1 44 14 
10 13 69 57 65 9 27 
79 61 29 39 73 76 29 
78 76 35 54 40 72 64 
58 41 59 36 78 19 65 
79 57 73 84 53 58 21 
62 56 47 82 70 52 74 
76 15 42 15 85 32 32 
57 86 59 4 90 23 29 
43 26 8 6 57 48 38 
90 1 18 26 46 3 97 
85 49 80 69 6 75 28 
27 83 18 65 54 46 59 
45 93 82 72 15 25 43 
49 12 12 25 74 85 45 
88 66 89 46 32 70 45 
9 52 75 94 35 39 41 
94 80 67 61 13 43 43 
51 23 96 14 79 16 95 
57 43 10 56 71 29 83 
66 30 28 55 99 57 74 
99 21 64 30 77 60 53 
66 11 76 31 72 99 78 
39 93 49 11 81 28 31 
63 64 25 12 14 10 25 
86 22 56 7 79 46 90 
50 87 75 38 10 17 92 
53 77 72 55 33 75 82 
62 54 36 79 23 73 41 
25 22 33 8 75 74 59 
65 93 83 58 99 52 20 
92 11 55 38 27 3 59 
22 32 81 81 52 69 92 
52 68 14 65 27 24 82 
55 41 30 53 85 32 13 
80 82 7 91 0 15 60 
10 17 44 52 27 38 7 
67 47 43 1 13 6 26 
83 87 79 88 7 98 55 
27 0 88 85 32 61 61 
2 44 43 17 3 2 46 
72 54 97 29 91 39 20 
32 75 28 87 54 29 74 
98 18 6 8 77 45 50 
10 83 36 57 2 42 85 
81 51 57 8 10 19 1 
23 59 79 35 11 20 56 
97 25 74 19 28 66 59 
73 26 8 80 54 74 81 
18 43 48 18 46 55 74 
68 9 56 87 68 24 7 
16 67 52 24 27 9 68 
81 25 58 1 63 34 42 
63 26 23 31 57 81 91 
76 10 96 90 80 30 61 
59 76 51 57 75 5 30 
2 37 55 13 56 23 88 
82 77 12 84 50 92 84 
43 83 53 99 48 51 23 
9 2 21 35 38 57 66 
76 21 35 80 43 68 14 
56 50 83 40 68 3 5 
63 14 22 84 95 33 45 
78 54 2 57 72 90 69 
51 24 16 20 62 77 5 
64 87 66 45 70 86 83 
87 19 36 36 57 70 49 
99 46 58 94 90 4 11 
5 12 2 70 9 81 21 
77 46 63 56 68 79 18 
70 88 74 23 37 4 81 
78 47 92 77 63 61 86 
19 2 93 82 82 22 11 
14 39 24 23 21 29 22 
23 33 18 35 18 75 20 
28 77 50 47 14 96 7 
59 11 94 47 71 9 37 
29 30 50 55 72 64 41 
10 27 64 6 87 41 93 
96 64 23 15 30 51 75 
60 71 58 50 2 72 56 
23 2 27 14 58 68 98 
45 27 37 90 39 78 93 
87 77 42 3 53 78 45 
78 10 55 31 95 41 60 
61 77 4 17 86 47 0 
31 78 41 42 80 41 7 
0 37 46 9 38 90 92 
6 66 65 68 51 11 23 
84 2 83 41 91 94 62 
58 7 22 63 36 85 19 
92 56 11 42 34 15 21 
7 44 91 6 89 36 55 
48 29 27 13 40 69 69 
84 36 14 21 23 71 37 
93 57 0 23 81 97 85 
38 43 95 41 89 52 59 
95 37 71 0 8 57 69 
57 32 29 67 49 21 58 
14 15 16 3 46 29 23 
90 28 40 38 27 16 43 
10 52 42 46 35 66 65 
53 75 17 38 34 14 23 
90 76 24 34 82 55 84 
40 66 94 52 48 59 22 
25 68 55 86 58 73 8 
74 19 5 79 94 62 50 
5 33 32 55 87 93 22 
39 76 88 90 36 68 90 
54 99 63 34 11 13 26 
20 60 92 7 35 20 48 
64 28 19 41 73 4 49 
57 91 96 28 75 55 23 
73 62 26 9 98 32 42 
39 39 36 57 61 61 84 
64 16 7 6 86 96 26 
44 39 55 25 88 49 20 
60 63 67 62 38 65 38 
31 35 21 47 77 36 39 
20 67 68 46 74 68 99 
20 80 25 56 16 31 62 
60 46 31 47 37 17 42 
15 43 17 71 89 80 17 
45 30 49 83 27 12 43 
3 21 39 12 51 83 95 
74 66 38 89 23 66 11 
42 63 39 0 62 71 17 
81 52 97 92 74 14 24 
4 65 52 4 37 79 76 
33 77 23 7 31 71 41 
61 62 16 35 30 26 41 
95 74 12 56 19 72 2 
90 21 40 87 61 13 58 
83 35 9 77 25 53 28 
69 83 78 85 32 58 8 
88 70 6 1 85 10 64 
45 67 12 64 36 26 62 
14 98 69 67 80 85 22 
33 11 66 40 48 67 65 
14 40 29 28 88 54 64 
40 71 3 97 12 35 80 
18 46 2 70 28 69 38 
89 20 91 54 56 75 59 
25 89 50 85 62 58 73 
55 96 87 50 19 0 5 
68 70 99 30 5 81 41 
58 41 65 49 53 88 32 
1 34 99 25 43 5 9 
89 32 54 13 18 1 45 
61 41 61 81 17 52 14 
4 99 50 51 31 16 7 
92 13 18 83 51 91 26 
51 78 18 6 77 27 88 
28 64 63 11 44 1 50 
89 7 54 40 18 59 35 
37 8 71 0 84 78 59 
71 86 26 56 1 91 50 
49 17 39 95 21 81 25 
59 38 17 33 17 96 96 
59 29 73 60 67 88 41 
38 36 33 38 76 52 91 
26 23 18 65 73 48 32 
20 22 85 8 57 83 59 
98 39 45 70 5 91 22 
70 32 56 49 49 62 48 
24 30 33 38 15 16 84 
98 11 41 95 53 46 26 
23 34 78 15 57 7 66 
68 55 95 56 16 78 84 
44 60 37 98 84 28 67 
56 77 19 59 78 45 72 
82 20 88 22 0 91 60 
94 42 65 86 25 77 42 
75 5 78 25 14 79 82 
4 43 73 39 83 38 55 
59 60 41 87 63 30 82 
80 34 99 90 77 77 35 
92 33 40 91 5 82 13 
52 84 49 66 12 36 46 
3 61 57 18 30 84 43 
70 38 95 95 14 92 16 
54 94 79 79 14 3 94 
13 29 86 55 34 55 69 
0 52 89 75 64 40 34 
55 17 94 37 50 30 40 
10 42 89 6 64 54 27 
98 33 63 0 25 59 68 
79 42 29 88 43 65 36 
95 56 59 90 21 54 28 
70 67 72 53 91 74 51 
75 54 58 29 30 48 82 
67 60 74 49 72 20 26 
41 99 13 50 9 40 41 
39 72 4 94 64 24 58 
57 25 4 11 24 80 47 
45 5 61 56 25 29 51 
39 24 37 63 2 96 46 
32 84 10 65 13 70 10 
0 24 90 90 30 44 54 
0 20 89 17 53 25 18 
30 53 28 45 43 38 20 
16 95 11 53 44 96 43 
55 67 11 60 54 74 97 
91 82 75 48 32 15 18 
35 34 35 89 32 37 97 
13 37 14 81 86 90 56 
6 36 91 93 13 5 26 
57 60 67 41 97 85 29 
54 41 87 80 4 54 7 
18 8 29 92 19 23 2 
89 67 98 22 80 5 66 
1 45 34 84 80 61 92 
31 54 79 42 63 46 13 
74 62 11 68 74 66 92 
1 94 7 90 86 57 32 
35 48 7 63 33 54 36 
39 58 53 42 6 12 73 
55 49 0 67 2 18 29 
10 1 22 44 7 45 16 
59 15 39 65 59 98 29 
49 21 2 85 22 69 6 
5 62 86 82 32 81 4 
39 85 75 38 38 40 29 
28 18 76 59 11 32 51 
4 73 69 41 88 58 16 
5 57 7 21 80 72 17 
17 24 77 60 57 54 78 
16 61 85 52 26 36 55 
54 26 14 14 61 13 71 
62 3 72 51 49 23 22 
99 38 76 82 48 14 75 
52 51 94 67 90 57 81 
31 57 54 33 8 66 43 
77 31 79 41 46 37 97 
32 10 41 20 80 70 73 
18 0 18 92 3 35 42 
24 71 21 72 76 41 55 
71 46 30 21 45 62 71 
13 97 75 19 62 13 77 
89 20 3 87 65 13 78 
87 18 21 21 94 64 56 
27 77 75 7 33 63 82 
26 71 40 55 58 46 64 
69 47 32 67 73 22 61 
54 35 19 5 96 37 94 
4 13 96 93 64 36 49 
82 96 42 92 6 50 49 
90 34 60 20 84 6 69 
33 31 65 71 16 71 93 
48 84 99 26 94 23 86 
21 5 34 98 51 28 89 
78 17 79 92 97 20 78 
0 34 87 10 7 7 60 
1 54 26 38 64 66 76 
59 60 60 40 39 99 26 
27 72 71 48 78 8 50 
65 6 77 23 73 87 29 
73 92 78 19 60 76 87 
63 88 90 15 31 49 43 
47 62 69 29 39 20 21 
7 59 74 96 71 57 30 
71 18 94 91 27 61 94 
36 59 15 65 1 57 63 
91 99 96 60 55 79 57 
49 59 40 85 1 88 29 
99 52 82 28 48 43 53 
36 22 72 54 8 52 51 
62 64 8 90 42 3 20 
95 56 18 60 69 42 98 
72 14 41 18 1 49 26 
32 14 96 53 99 89 26 
56 0 46 47 37 80 77 
11 81 45 50 78 15 68 
11 56 98 12 76 97 58 
19 54 95 84 35 1 29 
26 64 73 35 41 56 97 
7 29 45 89 49 9 87 
60 95 35 77 79 69 43 
33 22 82 73 45 66 88 
96 7 56 64 91 34 28 
79 84 85 36 4 5 59 
5 83 37 94 94 61 46 
36 76 32 1 29 97 73 
42 97 52 55 61 41 65 
66 62 23 81 89 9 10 
1 73 36 24 71 58 5 
25 26 42 6 22 13 22 
77 26 56 87 5 24 32 
62 18 63 88 18 0 65 
32 53 37 42 54 14 96 
40 74 62 24 13 36 34 
74 93 19 73 37 9 63 
30 0 80 26 33 56 48 
56 16 76 34 9 99 31 
67 32 63 2 54 78 53 
94 18 68 58 11 85 50 
75 34 69 80 27 42 33 
15 8 18 31 26 31 1 
19 38 95 85 72 34 85 
76 41 65 93 82 13 37 
45 81 4 65 2 79 55 
22 98 3 84 65 41 79 
54 5 53 11 97 93 69 
17 85 15 15 80 14 47 
31 56 19 24 32 70 76 
20 17 50 40 99 68 82 
29 59 45 55 18 87 34 
97 33 96 71 74 74 87 
14 75 23 15 55 98 16 
58 85 70 94 42 48 89 
58 65 17 49 49 81 92 
23 74 41 45 90 29 53 
11 84 25 15 3 96 63 
39 48 10 53 45 66 25 
12 66 76 39 64 47 72 
60 58 65 4 17 81 54 
17 50 90 65 74 18 6 
25 5 44 18 75 73 99 
86 39 70 62 92 44 63 
21 82 6 37 80 78 6 
82 51 18 3 86 5 83 
83 67 40 73 41 88 47 
34 51 90 32 42 96 21 
81 21 9 17 91 28 99 
35 58 57 85 59 18 10 
24 23 86 25 33 16 6 
70 51 41 26 66 85 50 
26 29 20 78 45 44 13 
88 42 34 63 62 48 48 
17 98 91 30 11 1 31 
53 84 37 22 10 10 45 
39 93 39 20 13 9 8 
54 76 2 6 94 7 50 
33 70 46 91 29 53 66 
7 4 33 95 14 63 85 
7 300
82 51 58 74 56 97 99 70 57 19 41 71 5 76 9 24 62 97 62 62 93 55 47 63 39 19 22 22 93 24 23 78 84 34 56 6 98 51 20 79 1 96 27 22 45 67 59 61 39 69 95 64 39 7 2 14 74 77 6 24 23 99 88 39 35 7 26 23 39 24 44 11 26 59 98 53 67 16 42 13 94 55 20 92 85 24 65 79 44 55 72 16 64 32 9 88 37 80 34 70 22 44 40 10 26 54 75 25 87 98 89 80 92 84 29 80 81 29 17 72 0 4 56 80 86 84 64 70 45 29 1 16 93 42 13 21 63 20 78 37 38 74 33 20 87 21 32 79 7 49 74 9 54 56 2 87 95 64 27 6 65 46 48 94 11 74 93 3 15 32 43 7 77 87 11 3 49 33 91 98 34 49 71 87 88 18 65 94 77 39 50 15 28 12 23 25 63 46 95 4 97 55 65 39 83 49 20 24 68 91 70 31 99 73 84 36 30 19 48 80 26 39 60 35 47 8 97 87 32 81 12 54 54 84 97 27 68 91 0 46 15 67 73 62 40 96 73 33 48 92 93 53 53 66 50 15 51 10 71 33 96 74 0 32 73 55 77 1 79 81 81 10 0 94 96 20 83 7 54 90 44 84 90 50 55 6 62 15 83 64 51 87 69 86 25 90 78 23 62 4 
6 80 42 53 99 10 69 14 69 92 57 47 35 98 18 11 16 48 5 45 15 15 2 43 84 49 87 95 23 80 49 4 16 91 30 87 99 9 21 13 67 80 62 26 66 82 25 45 82 49 89 71 77 8 47 9 96 51 41 91 55 1 81 3 78 54 26 51 62 57 92 24 48 1 11 73 21 24 93 82 3 3 31 91 80 85 98 22 75 38 83 18 18 91 97 87 61 59 59 65 82 22 27 58 68 65 58 67 41 5 9 25 88 57 50 26 33 73 29 35 74 91 68 56 15 94 88 68 32 26 85 35 7 80 73 5 81 58 13 30 45 14 36 90 72 15 98 72 73 86 61 41 58 32 36 52 79 29 65 74 17 95 26 79 12 10 47 6 89 22 29 81 0 6 75 11 33 68 57 38 39 44 33 97 25 6 18 91 33 12 11 34 5 81 32 35 92 0 0 67 2 43 52 83 99 20 9 39 51 44 46 43 43 9 48 64 56 45 34 22 34 48 63 2 73 93 34 60 81 99 14 60 87 76 50 36 72 69 12 55 15 91 6 7 89 96 64 84 83 0 73 28 1 29 9 83 42 78 48 84 57 34 99 91 75 74 68 30 67 42 20 13 14 18 21 21 11 49 27 10 67 52 45 22 34 51 96 2 64 3 56 11 3 2 89 39 98 20 93 64 
38 22 51 1 15 5 1 3 77 32 48 21 45 74 30 48 90 30 76 15 46 92 29 2 79 62 87 49 73 30 90 24 2 83 84 34 84 16 79 53 87 72 75 68 43 34 61 5 3 92 33 13 50 51 97 54 41 73 92 81 83 97 41 62 60 31 15 0 36 21 18 46 63 23 92 33 49 98 37 53 79 7 20 83 50 73 76 87 23 97 63 48 47 38 84 0 36 92 78 9 8 93 5 26 2 34 22 78 29 40 53 0 89 69 22 49 15 97 47 88 38 40 57 82 78 20 45 59 9 97 55 34 96 9 88 82 59 43 45 10 99 8 25 52 0 76 54 34 39 39 54 17 10 75 56 33 30 94 42 3 48 45 20 58 7 43 53 0 89 27 63 18 61 91 52 30 44 20 53 56 32 3 59 31 85 56 89 19 99 61 3 50 81 41 16 43 36 68 69 33 60 7 7 46 0 54 0 66 89 80 94 14 55 31 75 3 59 29 37 41 9 75 68 83 91 52 47 14 89 99 84 60 61 15 5 68 82 23 21 13 82 80 41 55 51 84 67 58 47 26 80 39 39 25 27 61 75 56 32 84 48 34 91 46 46 21 5 69 33 71 94 67 20 40 92 31 33 42 32 10 40 36 2 69 90 63 46 51 81 65 37 62 53 40 73 65 92 99 1 16 
38 67 5 42 98 94 76 20 91 57 24 40 41 59 11 94 42 68 85 45 8 87 62 32 17 2 99 43 58 24 51 45 75 71 58 93 2 30 62 6 33 57 15 38 70 21 5 31 33 55 57 12 80 8 28 52 83 67 61 18 71 24 90 72 9 33 74 29 23 14 6 76 84 13 11 32 90 17 86 75 67 81 37 13 39 53 51 75 57 98 93 67 99 49 8 96 11 0 2 95 22 90 52 30 89 77 27 69 5 16 23 39 67 61 35 21 85 41 79 23 54 68 42 40 65 37 40 80 45 39 57 44 23 33 12 23 38 29 31 39 18 68 71 38 3 20 69 90 95 80 51 76 41 53 27 11 51 91 50 46 59 37 61 15 20 64 72 45 62 33 60 87 28 67 26 62 14 8 93 3 59 17 87 20 61 42 76 71 7 17 81 99 10 26 46 18 63 86 88 55 35 34 44 7 2 55 86 62 85 37 65 62 31 67 84 95 30 52 99 40 93 48 50 33 76 19 45 20 90 39 57 8 65 46 63 56 27 73 94 7 86 60 89 4 20 78 7 56 74 96 55 32 86 71 1 58 30 31 70 23 38 75 57 7 56 39 96 38 57 6 85 50 12 72 97 77 93 46 55 41 93 80 36 21 1 87 99 7 89 3 20 95 22 86 14 86 51 18 80 40 
38 27 57 69 33 62 69 4 46 29 23 72 79 30 89 32 64 82 11 80 19 98 18 10 3 59 11 87 3 57 49 69 56 14 73 42 38 10 2 52 64 41 32 11 66 57 97 42 71 16 64 44 40 49 4 14 30 38 16 48 11 27 26 61 66 35 74 31 97 87 67 20 25 29 50 53 75 15 51 78 4 25 40 40 97 96 28 84 41 69 90 19 52 94 24 69 27 7 87 39 80 52 27 64 3 93 78 22 44 51 60 51 17 12 65 67 47 90 80 31 70 49 3 37 66 78 0 90 26 3 89 43 25 89 50 77 19 65 78 51 68 37 92 77 60 46 17 12 20 70 47 92 48 3 88 22 62 52 26 56 49 78 38 18 70 7 25 25 78 49 18 95 6 81 18 15 90 76 61 28 76 25 27 96 63 71 88 67 52 98 84 30 49 71 83 45 34 35 51 27 49 85 91 23 17 7 12 37 76 81 16 90 26 81 51 24 36 6 80 98 47 65 5 87 54 34 98 13 43 97 5 47 30 76 86 33 45 83 81 58 64 48 24 17 35 77 57 84 71 73 46 25 43 74 42 1 21 84 34 31 81 67 26 96 43 99 75 91 70 37 30 67 37 80 20 45 98 74 75 8 41 75 23 20 4 31 12 32 50 20 87 48 2 68 22 20 70 77 75 79 
89 7 53 54 88 89 78 22 28 82 52 73 10 22 43 63 99 78 40 2 7 85 42 43 81 51 77 80 22 25 8 63 48 45 13 60 49 88 57 75 6 85 50 29 69 9 78 27 53 96 12 65 72 30 52 92 93 62 91 72 37 2 83 56 12 98 81 35 82 19 35 45 31 36 13 64 22 6 1 92 19 82 3 67 25 66 73 71 80 6 57 28 32 15 72 96 97 85 37 74 30 84 88 58 73 47 95 31 98 74 23 46 35 18 69 32 42 28 73 6 60 50 77 46 7 3 44 28 30 10 30 16 50 47 18 49 66 37 49 6 15 97 66 5 52 16 0 55 21 70 30 16 34 34 79 27 22 4 90 81 21 78 78 14 66 67 8 60 96 26 88 78 75 28 3 23 5 81 50 71 39 30 37 99 52 37 89 57 58 99 31 82 65 71 5 70 89 52 45 68 40 85 76 15 46 11 96 94 84 73 88 87 0 84 56 56 78 13 96 30 96 14 86 88 84 78 19 78 10 89 54 75 80 5 31 1 55 76 21 82 99 56 56 14 69 1 60 15 54 51 47 4 68 17 32 95 92 13 12 60 41 49 61 78 62 83 23 25 81 32 41 48 85 99 30 97 93 90 21 87 32 8 44 58 52 27 41 68 88 24 70 83 75 8 74 58 14 71 66 62 
70 50 84 40 83 25 57 62 80 68 44 43 41 54 46 40 30 67 48 31 15 86 6 85 49 26 75 92 94 24 29 71 54 48 40 63 88 64 68 40 64 60 62 82 88 69 52 50 35 77 53 55 44 9 35 12 50 71 91 92 59 89 29 85 92 3 4 11 77 1 85 3 48 52 60 53 59 47 17 60 85 16 99 18 95 87 89 62 78 74 47 26 49 5 66 92 26 26 45 19 38 7 96 75 81 87 16 59 21 47 87 16 59 77 34 36 96 13 86 67 7 67 2 56 10 79 71 23 27 21 41 58 70 48 22 30 9 46 56 35 87 77 5 78 6 90 26 68 13 5 85 88 91 21 80 26 99 26 30 72 56 0 17 29 57 86 84 23 69 84 44 33 96 54 15 93 6 88 15 16 0 7 72 33 53 2 68 32 14 25 4 74 1 68 63 5 1 93 62 26 27 35 85 87 90 36 69 92 59 60 81 80 92 42 64 60 43 83 25 67 12 34 54 35 53 91 71 75 92 13 88 94 7 12 6 90 5 92 58 20 78 62 51 85 29 53 76 10 2 53 53 72 86 10 43 36 59 12 69 37 28 30 53 34 10 68 4 75 98 58 36 71 49 63 11 42 67 98 30 95 45 57 3 54 55 18 74 65 73 33 86 90 6 48 90 60 80 23 8 61 
7 300
47 95 15 21 12 86 88 28 87 32 7 89 62 78 72 7 60 18 63 98 65 31 49 75 44 98 90 26 59 43 90 55 59 57 96 97 55 49 94 7 1 16 81 43 77 12 1 67 9 96 8 64 2 20 48 48 32 29 68 30 59 12 30 20 0 37 14 66 74 61 20 16 15 33 11 9 93 13 50 8 65 68 63 36 42 16 50 45 5 3 69 96 65 17 44 11 15 36 35 92 90 89 83 90 25 85 42 26 34 83 30 71 68 51 26 32 93 21 32 25 2 66 34 1 5 5 65 43 97 80 54 23 0 6 39 57 97 46 46 92 13 59 80 41 31 4 53 12 61 23 98 77 82 3 96 65 68 68 81 61 5 37 47 57 26 29 19 96 83 7 84 60 30 20 56 17 84 16 33 89 7 53 26 83 64 74 53 66 66 88 11 30 94 82 97 9 12 99 54 31 48 81 84 75 73 73 18 32 15 81 67 34 56 34 60 28 64 41 16 79 0 57 67 48 90 21 62 5 45 96 94 97 65 60 24 83 8 93 72 34 88 68 31 94 98 2 50 45 72 73 45 85 19 70 33 88 69 32 42 82 36 42 25 20 5 24 38 40 88 28 54 4 5 51 42 33 63 75 57 78 2 67 64 29 97 77 63 89 47 49 44 28 28 80 91 51 72 40 92 61 
25 7 70 99 83 49 95 22 71 48 25 75 38 87 28 34 52 76 82 54 93 20 64 28 40 34 37 80 97 19 8 30 41 69 2 6 6 13 92 53 86 12 72 3 23 45 61 31 86 75 23 81 49 78 71 45 78 92 51 47 35 35 36 47 52 9 26 5 65 56 69 96 17 31 4 54 73 60 29 4 93 94 27 96 52 24 45 4 96 36 81 67 27 56 81 46 83 83 37 9 57 48 39 85 52 21 44 46 26 41 67 63 2 43 73 94 18 22 9 43 13 47 4 1 90 28 12 76 98 25 41 33 7 7 78 13 16 12 57 53 52 69 40 23 99 6 5 78 54 48 26 94 14 21 60 56 37 46 12 91 21 99 32 15 43 17 60 62 5 55 18 26 32 62 53 98 42 89 1 40 10 24 39 81 34 41 0 48 44 81 40 98 76 86 58 45 91 81 27 77 71 3 53 25 48 39 95 3 93 65 36 50 81 84 74 90 41 38 32 18 56 50 74 11 45 95 43 31 15 94 10 74 53 38 83 31 24 41 25 49 11 86 89 39 94 81 20 92 34 87 59 34 0 35 24 19 97 59 42 96 68 42 2 77 79 22 17 78 3 26 42 81 59 85 53 37 11 45 3 12 57 29 6 62 60 45 18 63 40 69 30 75 73 67 46 26 81 79 85 97 
19 2 40 77 26 79 25 23 99 84 42 73 21 49 45 95 41 4 55 48 6 67 48 19 61 55 89 18 73 71 15 79 41 53 14 35 28 44 38 21 82 98 54 41 77 68 95 46 73 27 69 13 44 60 19 50 66 52 44 20 59 80 89 40 2 74 71 97 68 88 54 49 72 46 11 54 92 14 81 34 15 64 29 81 40 92 41 43 38 33 9 94 28 31 85 18 21 38 15 87 62 50 31 98 69 78 91 32 70 22 54 24 81 50 81 70 65 9 99 38 20 5 71 72 61 2 70 34 15 79 62 9 37 98 72 27 51 85 95 13 88 59 91 6 51 58 54 80 30 28 24 99 37 39 76 72 23 88 22 47 51 17 48 0 1 15 5 79 59 24 7 83 26 83 52 84 33 12 9 27 64 38 61 62 25 86 81 81 56 46 1 88 60 39 6 12 15 44 82 38 49 31 82 15 70 55 36 10 15 36 15 78 75 84 24 1 22 37 65 29 42 46 6 99 67 4 3 92 50 11 57 28 50 22 17 2 20 61 8 16 1 41 23 38 72 81 61 35 27 29 18 67 97 26 83 22 87 49 91 10 87 55 2 86 64 3 95 41 42 20 41 70 79 46 27 43 9 73 63 0 17 19 16 17 74 85 28 82 57 64 19 37 92 24 64 50 15 74 96 88 
59 76 30 75 58 61 7 29 43 15 70 87 12 86 80 55 74 81 9 26 27 32 60 59 3 61 50 50 83 57 98 99 35 82 80 67 11 57 75 23 49 43 2 91 17 89 6 10 80 4 60 76 58 47 76 47 73 65 48 94 54 79 57 4 75 48 21 78 21 56 57 67 69 3 74 68 97 68 87 89 58 84 35 96 19 10 45 13 97 55 27 68 92 72 23 12 60 75 42 7 13 94 61 56 42 92 72 80 7 98 39 62 98 33 22 84 76 22 56 20 15 1 1 80 67 93 62 63 92 89 95 98 52 52 79 87 1 81 93 82 22 74 61 84 52 3 56 74 17 35 67 97 61 27 73 84 65 59 64 56 81 2 63 39 60 74 55 89 54 90 39 67 9 40 75 30 24 36 33 54 17 19 71 48 18 2 24 56 28 33 42 16 46 3 69 41 40 6 1 82 19 70 27 45 53 25 94 59 83 75 47 87 23 50 49 90 22 0 98 54 48 32 37 87 24 3 87 57 50 90 3 99 67 95 71 25 16 90 75 29 78 63 75 54 39 13 41 5 98 10 82 94 49 96 14 51 36 32 19 43 74 32 41 45 53 18 46 70 0 53 36 30 36 48 9 47 44 50 8 46 12 42 21 9 71 26 30 42 38 59 83 54 28 90 6 38 52 59 20 73 
64 41 99 73 96 43 80 76 50 41 0 55 58 9 52 84 76 67 20 46 47 76 80 78 12 6 23 24 56 55 11 52 87 59 48 71 2 23 47 42 29 84 3 37 48 37 70 63 47 92 74 95 34 82 69 77 71 28 63 65 38 62 47 24 77 31 53 68 8 30 72 28 97 0 83 32 64 9 84 61 85 1 93 68 67 53 26 63 46 5 12 48 10 49 60 81 83 34 41 69 25 75 5 70 76 30 70 59 56 42 11 5 20 95 88 24 18 30 70 72 97 93 33 39 0 39 87 43 65 28 43 82 94 15 10 86 79 53 43 66 90 62 95 23 54 6 39 22 64 62 42 64 26 69 68 41 93 13 65 40 1 9 85 8 98 99 92 52 4 83 60 54 33 37 80 94 41 45 48 33 90 13 8 60 27 41 55 31 54 52 38 62 88 22 73 14 18 60 7 20 81 46 46 96 88 9 1 22 75 43 50 99 51 66 16 0 95 66 29 90 81 44 7 39 6 57 78 5 58 72 12 51 85 58 32 92 65 83 5 30 5 96 23 76 79 2 1 24 69 92 16 23 90 56 33 63 78 40 33 5 6 50 10 54 96 54 75 91 20 15 68 74 69 20 23 55 73 47 23 81 91 32 35 84 95 90 21 76 90 81 62 39 24 4 6 88 33 97 42 38 
88 35 25 35 64 71 22 55 27 78 96 65 82 33 82 23 85 58 42 65 48 65 12 80 4 44 69 54 37 51 82 0 36 61 7 52 87 63 27 9 41 74 60 60 12 91 47 14 10 78 21 15 71 23 30 97 29 63 77 44 44 24 44 7 42 98 54 99 79 73 31 91 18 93 67 77 54 52 24 54 97 93 52 20 67 29 37 50 1 0 0 13 56 89 32 3 2 41 38 63 45 26 73 98 48 66 4 5 47 94 13 0 34 75 70 79 41 38 90 21 3 61 72 8 58 87 73 52 53 80 16 14 59 23 62 88 10 25 48 87 82 99 25 19 1 75 77 47 51 92 27 29 61 88 0 86 51 54 18 75 61 32 18 62 81 71 32 63 69 57 64 91 46 63 96 13 74 7 5 25 54 40 84 37 67 21 11 53 29 6 0 72 63 85 93 16 46 2 87 4 14 24 5 36 86 12 23 11 51 39 98 82 6 59 95 34 3 23 6 76 24 22 9 88 9 32 72 74 22 39 75 26 83 7 95 48 81 11 80 43 77 56 95 11 72 87 48 88 36 42 39 33 46 36 78 39 73 21 15 93 0 65 3 10 47 56 36 40 68 14 31 14 99 43 4 38 57 82 85 42 39 71 58 63 38 46 83 19 94 63 38 18 61 12 3 12 78 38 88 39 
59 25 18 63 78 92 69 54 96 24 44 24 35 50 18 95 33 54 26 43 65 97 90 57 26 69 37 82 39 84 48 97 91 89 8 40 82 93 7 61 54 23 89 94 92 39 84 2 74 36 9 56 87 87 50 65 85 21 32 24 23 72 19 30 56 43 97 81 67 91 17 72 41 65 35 61 85 74 45 15 44 15 40 18 20 78 76 31 23 51 16 75 40 28 74 9 6 71 85 24 29 84 68 83 15 52 32 4 82 45 39 49 45 67 39 31 42 32 3 3 56 8 23 14 10 6 38 73 26 44 69 10 87 33 19 27 72 40 80 13 51 33 4 83 50 89 42 15 31 68 31 3 50 14 22 62 64 60 15 28 94 12 70 35 73 45 26 61 55 69 87 3 66 12 79 60 16 71 93 13 87 95 71 85 79 38 57 73 59 89 34 76 95 29 59 83 33 89 34 19 77 85 13 33 48 81 35 63 86 93 55 30 19 59 59 0 61 40 12 43 41 75 67 35 46 89 99 45 71 78 28 39 37 53 34 55 68 83 8 83 41 23 3 11 20 58 66 34 26 38 82 24 26 42 77 53 54 41 67 88 61 9 17 10 61 23 34 86 35 43 62 81 4 1 0 88 9 33 94 24 22 79 39 39 12 33 23 16 59 87 29 60 18 14 21 49 72 25 64 25 