91 1
3153 
5679 
5244 
442 
4590 
2293 
3608 
4155 
5908 
5834 
3050 
5522 
4770 
1489 
5586 
3840 
1068 
4496 
1827 
946 
5403 
118 
1589 
2345 
3962 
3035 
2287 
4821 
2621 
2864 
1644 
5823 
5214 
4250 
2836 
1032 
2350 
5519 
50 
5652 
2644 
2084 
5453 
811 
5090 
3759 
3599 
3317 
2213 
4585 
693 
2749 
5850 
2967 
4378 
897 
4295 
497 
4733 
202 
3353 
1356 
3039 
223 
1895 
4914 
3934 
3532 
2956 
781 
3700 
1555 
5338 
66 
1938 
10 
605 
2449 
3344 
2689 
4385 
1378 
2283 
1674 
4343 
515 
3533 
356 
4793 
2249 
3486 
91 1
5786 
1049 
3296 
975 
3733 
637 
5692 
1579 
3920 
2203 
2493 
4437 
1806 
4153 
258 
881 
142 
5993 
1270 
4008 
1866 
2568 
5299 
4894 
844 
4491 
4778 
4178 
323 
1430 
4335 
3027 
3809 
4055 
1909 
4603 
356 
4713 
3879 
1777 
647 
2219 
3570 
772 
1422 
2621 
895 
4641 
4363 
4418 
2263 
4056 
5342 
528 
3055 
114 
1782 
320 
2249 
5164 
2569 
2476 
1723 
333 
3350 
4923 
1643 
2579 
5838 
4415 
3253 
2341 
2597 
890 
213 
5557 
3669 
4437 
3319 
2699 
1889 
5789 
5546 
5854 
4000 
204 
2311 
3846 
4778 
2585 
686 
1 24
2094 5748 1029 2307 1886 3589 1863 2429 3001 5403 4078 5037 2539 1422 4397 5900 5872 3054 294 672 2767 1620 5616 5624 
1 24
600 1939 2647 2066 5327 3630 1943 3652 1006 5911 2971 5635 5499 5472 3111 2408 4826 5946 2214 3452 4397 3926 3227 4778 
